13
16
30
41
42
46
47
48
50
54
60
75
88
95
106
109
121
124
137
141
147
197
209
209
216
216
218
220
225
234
237
238
249
251
252
264
264
265
266
269
271
280
282
282
283
301
303
305
306
306
307
310
310
326
339
350
356
362
370
373
380
395
403
409
458
462
467
469
474
489
494
506
508
511
511
512
531
534
564
565
566
571
571
587
628
646
664
673
677
682
691
707
723
729
729
734
737
753
755
758
776
782
796
796
811
812
815
817
837
848
859
881
885
890
909
912
914
936
938
953
971
972
973
976
989
994
995
997
1007
1009
1031
1047
1049
1056
1068
1071
1072
1075
1078
1080
1084
1116
1123
1158
1167
1203
1211
1212
1212
1216
1218
1224
1244
1252
1255
1259
1272
1275
1290
1296
1306
1327
1328
1331
1354
1354
1354
1358
1365
1370
1379
1380
1388
1402
1411
1420
1436
1436
1442
1443
1471
1479
1497
1528
1547
1558
1559
1568
1570
1611
1616
1620
1622
1623
1623
1633
1639
1639
1640
1649
1655
1663
1670
1673
1682
1688
1688
1706
1730
1734
1743
1793
1837
1869
1892
1894
1898
1909
1912
1917
1921
1928
1936
1939
1955
1963
1964
1965
1966
1969
1970
1975
1981
1985
1993
1995
1999
2004
2004
2014
2018
2040
2043
2050
2055
2056
2062
2083
2086
2101
2108
2110
2112
2119
2120
2128
2138
2138
2170
2175
2176
2184
2194
2196
2210
2217
2238
2246
2258
2270
2285
2287
2301
2323
2335
2348
2356
2361
2366
2384
2387
2388
2414
2427
2446
2448
2465
2469
2472
2473
2475
2477
2478
2517
2517
2530
2537
2543
2543
2556
2592
2594
2609
2619
2622
2641
2645
2646
2647
2650
2655
2665
2698
2733
2745
2750
2757
2758
2782
2788
2803
2815
2822
2824
2848
2855
2865
2870
2872
2874
2877
2882
2887
2891
2901
2906
2908
2911
2912
2913
2916
2970
2992
3006
3010
3046
3060
3062
3081
3081
3090
3092
3099
3103
3107
3107
3166
3170
3178
3212
3213
3264
3277
3280
3283
3289
3289
3315
3316
3330
3330
3354
3362
3368
3388
3405
3429
3432
3436
3436
3446
3494
3499
3501
3508
3539
3567
3588
3610
3616
3645
3662
3666
3708
3721
3732
3749
3749
3763
3764
3771
3791
3791
3798
3819
3824
3831
3835
3851
3854
3869
3880
3901
3909
3933
3959
3963
3992
4000
4008
4035
4044
4067
4071
4080
4091
4109
4133
4139
4139
4141
4162
4165
4171
4188
4196
4199
4203
4211
4275
4275
4277
4281
4288
4298
4344
4365
4373
4388
4399
4404
4408
4420
4426
4429
4429
4432
4437
4443
4451
4452
4460
4462
4472
4505
4510
4511
4527
4534
4537
4551
4562
4565
4588
4590
4608
4616
4620
4627
4631
4631
4655
4668
4682
4688
4692
4694
4696
4701
4705
4718
4734
4735
4747
4774
4781
4782
4797
4810
4811
4820
4831
4849
4849
4856
4859
4864
4868
4871
4887
4889
4893
4893
4895
4899
4900
4911
4911
4945
4950
4952
4965
4986
4994
4999
5004
5012
5012
5033
5034
5035
5046
5048
5059
5075
5081
5093
5096
5110
5117
5124
5127
5140
5149
5163
5171
5179
5182
5208
5219
5227
5252
5254
5262
5269
5281
5324
5327
5338
5340
5400
5404
5428
5451
5454
5470
5471
5478
5482
5488
5497
5499
5504
5513
5521
5521
5535
5543
5555
5582
5603
5605
5613
5614
5640
5651
5653
5657
5661
5663
5663
5664
5666
5667
5669
5704
5735
5760
5761
5766
5767
5767
5805
5810
5811
5814
5826
5851
5892
5929
5942
5962
6011
6012
6048
6051
6064
6081
6133
6162
6171
6176
6184
6185
6207
6208
6209
6214
6252
6256
6261
6265
6271
6278
6294
6295
6304
6307
6308
6313
6316
6324
6335
6349
6354
6355
6359
6373
6373
6374
6379
6384
6387
6397
6415
6416
6457
6468
6478
6505
6520
6520
6568
6569
6597
6614
6614
6618
6621
6625
6627
6629
6632
6636
6638
6652
6669
6676
6692
6697
6727
6752
6756
6767
6770
6773
6793
6797
6807
6808
6834
6871
6879
6911
6931
6934
6961
6967
6993
6999
7001
7003
7013
7014
7039
7044
7057
7087
7092
7101
7123
7128
7131
7143
7145
7147
7164
7178
7182
7184
7200
7200
7219
7229
7233
7240
7262
7298
7298
7300
7307
7310
7314
7345
7350
7361
7373
7375
7391
7396
7407
7408
7410
7420
7425
7435
7445
7453
7458
7473
7474
7474
7476
7476
7480
7488
7492
7493
7504
7511
7521
7522
7546
7553
7557
7566
7566
7572
7597
7620
7627
7638
7667
7672
7676
7683
7722
7727
7731
7733
7741
7742
7753
7778
7781
7790
7793
7793
7829
7830
7832
7836
7857
7863
7866
7870
7876
7890
7908
7917
7922
7923
7939
7948
7952
7952
7978
7990
7992
7996
8024
8029
8032
8033
8103
8111
8125
8160
8163
8169
8177
8221
8222
8225
8227
8276
8276
8278
8323
8324
8325
8327
8337
8357
8398
8437
8462
8465
8467
8476
8482
8490
8497
8499
8512
8516
8528
8542
8550
8570
8592
8617
8624
8630
8643
8644
8670
8676
8678
8699
8704
8714
8733
8742
8747
8757
8759
8765
8815
8820
8823
8837
8843
8846
8852
8852
8870
8872
8880
8886
8921
8926
8929
8959
8963
8994
9019
9025
9030
9034
9046
9055
9062
9066
9077
9080
9106
9113
9132
9137
9141
9151
9161
9170
9185
9200
9212
9218
9223
9231
9233
9245
9245
9249
9250
9256
9258
9273
9278
9287
9301
9304
9316
9324
9335
9341
9349
9362
9367
9367
9373
9381
9392
9404
9407
9408
9411
9415
9416
9423
9447
9456
9465
9482
9484
9492
9493
9506
9516
9530
9534
9538
9539
9548
9553
9556
9569
9610
9611
9613
9623
9637
9647
9663
9669
9700
9703
9708
9714
9715
9724
9733
9753
9762
9774
9778
9786
9797
9811
9812
9832
9833
9834
9836
9850
9851
9853
9867
9891
9892
9898
9902
9904
9913
9929
9942
9961
9961
9971
9987
7
9
18
23
25
30
36
40
43
46
60
63
68
76
78
78
79
81
112
112
120
128
132
148
154
157
162
180
180
185
190
197
206
215
216
223
224
232
237
243
247
253
269
271
285
288
292
297
299
315
321
332
336
343
348
358
361
366
403
405
425
435
448
454
455
466
471
477
481
491
492
492
515
517
548
564
566
575
577
580
592
598
601
605
649
651
652
654
656
660
675
703
704
729
739
759
769
776
778
797
802
808
812
814
815
815
833
849
850
859
873
875
881
895
919
926
927
933
937
938
948
954
956
962
965
974
982
993
999
1005
1008
1011
1024
1058
1064
1067
1073
1083
1098
1125
1133
1162
1207
1214
1215
1221
1224
1236
1242
1249
1255
1261
1274
1275
1277
1287
1299
1303
1322
1327
1338
1343
1345
1359
1372
1394
1408
1430
1434
1437
1441
1441
1459
1460
1461
1462
1463
1465
1467
1472
1473
1475
1476
1478
1482
1485
1495
1507
1509
1515
1525
1535
1537
1538
1547
1548
1554
1563
1563
1567
1568
1599
1625
1631
1636
1637
1640
1643
1662
1665
1675
1675
1675
1678
1687
1704
1721
1724
1734
1741
1751
1764
1765
1775
1784
1785
1785
1802
1804
1814
1814
1814
1817
1819
1832
1843
1845
1853
1857
1869
1871
1879
1895
1899
1918
1924
1938
1948
1949
1972
1976
1976
2001
2002
2003
2010
2018
2022
2034
2037
2041
2049
2063
2071
2075
2079
2085
2097
2116
2132
2139
2149
2150
2151
2153
2153
2201
2201
2222
2245
2249
2251
2253
2273
2274
2286
2289
2289
2296
2319
2326
2338
2339
2343
2351
2353
2362
2366
2379
2380
2380
2387
2388
2397
2400
2404
2411
2417
2424
2428
2429
2441
2442
2451
2482
2485
2486
2503
2521
2522
2525
2551
2570
2581
2585
2590
2622
2632
2633
2642
2644
2651
2662
2663
2665
2666
2667
2681
2696
2697
2703
2704
2705
2713
2727
2727
2729
2730
2756
2788
2797
2797
2853
2856
2857
2867
2893
2899
2910
2920
2922
2932
2941
2943
2960
2969
2981
3002
3008
3011
3018
3018
3019
3025
3029
3037
3055
3059
3062
3064
3070
3110
3121
3121
3121
3129
3129
3133
3134
3145
3150
3164
3166
3176
3191
3193
3197
3212
3213
3215
3220
9999
3235
3240
3248
3258
3272
3273
3275
3285
3287
3288
3339
3341
3351
3355
3363
3380
3386
3418
3424
3425
3425
3442
3447
3448
3449
3459
3480
3492
3515
3551
3558
3571
3572
3575
3580
3586
3595
3610
3616
3624
3660
3665
3674
3675
3689
3710
3722
3729
3737
3739
3764
3780
3813
3816
3820
3839
3915
3930
3936
3944
3945
3946
3968
3982
3983
3995
3998
4004
4009
4011
4013
4034
4062
4130
4155
4177
4191
4194
4195
4195
4196
4217
4223
4224
4248
4278
4280
4280
4297
4309
4331
4333
4336
4352
4354
4365
4369
4400
4402
4404
4410
4413
4419
4423
4425
4430
4446
4450
4482
4483
4501
4513
4514
4527
4530
4544
4565
4565
4566
4572
4586
4587
4600
4603
4606
4621
4661
4688
4703
4703
4706
4711
4718
4723
4731
4738
4741
4744
4745
4745
4750
4756
4757
4761
4766
4777
4791
4794
4811
4820
4822
4823
4837
4845
4849
4853
4865
4866
4889
4891
4909
4921
4934
4935
4945
4952
4956
4961
4969
4984
4986
4999
5006
5010
5021
5042
5048
5050
5093
5110
5117
5143
5152
5177
5192
5195
5242
5278
5288
5293
5305
5313
5317
5331
5333
5344
5362
5388
5403
5404
5404
5429
5451
5462
5467
5476
5493
5495
5509
5516
5527
5548
5552
5558
5575
5588
5590
5590
5616
5637
5637
5640
5642
5657
5661
5668
5670
5711
5717
5730
5730
5745
5797
5800
5802
5807
5814
5825
5837
5838
5859
5878
5879
5898
5903
5905
5921
5947
5955
5962
5973
5975
5977
5988
6001
6006
6008
6014
6038
6043
6055
6059
6063
6073
6077
6090
6143
6145
6147
6163
6165
6166
6176
6199
6200
6237
6239
6244
6252
6268
6287
6290
6305
6353
6356
6368
6371
6439
6491
6492
6506
6524
6535
6596
6613
6633
6634
6648
6655
6677
6677
6695
6705
6725
6728
6746
6748
6749
6755
6761
6761
6762
6767
6775
6777
6789
6795
6795
6796
6820
6820
6857
6879
6891
6917
6955
6969
6969
6977
6995
7008
7011
7021
7027
7027
7080
7081
7094
7096
7099
7103
7106
7123
7128
7134
7145
7151
7180
7199
7202
7222
7224
7234
7248
7252
7260
7270
7274
7296
7305
7323
7333
7358
7364
7366
7371
7372
7373
7393
7400
7426
7427
7436
7439
7443
7450
7482
7490
7510
7521
7522
7532
7563
7565
7566
7588
7594
7594
7596
7598
7622
7631
7631
7633
7645
7670
7674
7687
7705
7717
7719
7742
7756
7767
7770
7775
7777
7793
7796
7798
7808
7813
7817
7853
7862
7867
7869
7877
7883
7883
7896
7900
7909
7936
7941
7947
7954
7958
7959
7994
8005
8005
8028
8040
8054
8071
8100
8102
8106
8115
8127
8137
8143
8143
8144
8146
8155
8155
8156
8164
8179
8196
8212
8232
8241
8260
8265
8275
8277
8300
8307
8307
8313
8347
8381
8393
8394
8397
8404
8412
8436
8461
8466
8469
8525
8527
8597
8603
8648
8663
8665
8667
8674
8676
8679
8683
8688
8703
8753
8763
8783
8788
8796
8801
8807
8811
8817
8823
8826
8828
8871
8895
8898
8905
8919
8926
8961
8961
9032
9034
9045
9064
9065
9072
9085
9093
9093
9124
9146
9150
9151
9161
9173
9180
9192
9231
9265
9276
9292
9300
9311
9319
9338
9352
9374
9375
9395
9402
9409
9424
9431
9433
9445
9468
9498
9526
9530
9547
9565
9574
9580
9596
9597
9614
9620
9626
9627
9648
9661
9664
9669
9672
9689
9709
9719
9724
9724
9736
9738
9742
9744
9749
9751
9762
9772
9805
9807
9813
9814
9820
9832
9840
9846
9863
9898
9901
9902
9920
9922
9934
9938
9964
9969
9978
9986
9991
9994
9996
6
23
27
53
55
64
69
84
108
135
138
142
142
152
160
165
171
175
179
181
182
185
209
210
218
223
230
236
236
243
272
279
279
286
293
303
307
310
317
318
333
337
341
395
395
398
402
407
421
423
435
437
437
438
448
448
448
452
456
481
501
510
522
531
551
575
594
610
611
615
627
634
649
649
687
715
731
748
750
758
760
760
766
771
775
779
782
798
802
802
803
818
825
826
839
841
853
861
866
867
869
884
898
918
929
945
946
953
981
988
1003
1005
1010
1013
1014
1023
1030
1039
1041
1047
1056
1065
1075
1076
1087
1088
1096
1097
1099
1099
1118
1129
1140
1145
1165
1169
1179
1182
1187
1190
1190
1190
1197
1201
1207
1222
1231
1251
1256
1257
1285
1295
1318
1320
1322
1336
1337
1345
1357
1359
1364
1366
1371
1386
1388
1388
1389
1390
1404
1408
1427
1428
1430
1445
1450
1463
1468
1468
1472
1478
1483
1496
1500
1501
1502
1520
1527
1534
1534
1546
1557
1560
1566
1575
1578
1586
1598
1608
1630
1635
1640
1646
1662
1665
1674
1697
1710
1725
1731
1735
1735
1748
1752
1755
1760
1762
1763
1814
1818
1837
1839
1842
1848
1861
1863
1867
1869
1869
1873
1886
1891
1891
1894
1903
1907
1920
1938
1938
1946
1947
1955
1956
1957
1981
1987
2009
2009
2019
2023
2026
2035
2037
2040
2044
2049
2059
2059
2061
2065
2071
2073
2075
2082
2086
2088
2091
2093
2132
2133
2137
2141
2148
2155
2155
2171
2180
2182
2186
2196
2209
2212
2226
2248
2257
2266
2273
2276
2276
2284
2287
2300
2312
2325
2340
2347
2350
2353
2386
2386
2410
2416
2427
2431
2443
2462
2475
2492
2496
2499
2506
2506
2523
2530
2537
2550
2553
2565
2567
2580
2594
2596
2611
2614
2620
2621
2623
2642
2653
2656
2660
2668
2670
2671
2684
2695
2703
2708
2708
2720
2734
2751
2752
2761
2764
2774
2790
2805
2813
2820
2825
2831
2837
2841
2883
2909
2910
2921
2951
2952
2954
2958
2963
2964
2987
2990
3013
3042
3044
3051
3068
3084
3103
3103
3111
3115
3119
3123
3153
3162
3172
3207
3209
3210
9999
3228
3229
3244
3260
3265
3299
3310
3316
3324
3336
3348
3370
3381
3390
3396
3411
3413
3420
3421
3427
3429
3438
3440
3442
3458
3469
3487
3491
3512
3545
3554
3565
3580
3591
3630
3648
3651
3674
3688
3716
3726
3733
3745
3749
3756
3758
3762
3768
3793
3800
3801
3819
3821
3840
3846
3849
3859
3860
3868
3872
3889
3894
3894
3895
3903
3934
3940
3979
3993
4030
4032
4034
4056
4069
4070
4070
4071
4112
4114
4122
4131
4139
4140
4140
4161
4178
4179
4194
4200
4207
4234
4235
4236
4253
4316
4325
4343
4343
4361
4365
4371
4393
4399
4414
4415
4416
4418
4449
4483
4506
4508
4525
4536
4541
4550
4552
4558
4571
4579
4617
4624
4628
4643
4644
4659
4667
4672
4706
4706
4714
4716
4719
4729
4745
4766
4778
4790
4793
4798
4803
4807
4833
4838
4841
4843
4859
4863
4866
4884
4885
4891
4901
4929
4935
4936
4941
4954
4956
4993
4997
5033
5050
5053
5079
5085
5086
5103
5104
5109
5124
5132
5143
5178
5181
5186
5195
5202
5202
5209
5209
5217
5224
5227
5233
5236
5237
5239
5240
5269
5273
5277
5279
5299
5301
5319
5327
5338
5339
5345
5349
5352
5361
5365
5366
5384
5422
5473
5489
5493
5495
5497
5506
5516
5543
5548
5566
5577
5586
5588
5604
5615
5619
5644
5649
5655
5667
5681
5690
5694
5697
5707
5725
5729
5756
5774
5802
5803
5827
5837
5841
5849
5852
5853
5875
5876
5882
5882
5909
5930
5935
5938
5946
5947
5965
5966
5970
5971
5991
6002
6017
6027
6034
6035
6041
6043
6043
6076
6086
6096
6120
6121
6128
6134
6148
6153
6155
6158
6159
6160
6179
6189
6197
6201
6233
6234
6238
6333
6340
6351
6363
6366
6369
6381
6408
6408
6412
6425
6428
6437
6450
6472
6472
6473
6474
6528
6529
6533
6553
6571
6621
6631
6650
6670
6688
6690
6706
6715
6728
6739
6763
6777
6782
6793
6833
6853
6859
6871
6872
6893
6895
6919
6921
6962
6988
6998
7045
7049
7050
7054
7061
7079
7081
7097
7098
7112
7125
7128
7130
7135
7147
7150
7153
7163
7163
7173
7185
7192
7205
7218
7228
7236
7239
7251
7256
7259
7267
7273
7289
7292
7309
7313
7321
7348
7355
7363
7366
7381
7429
7442
7445
7451
7474
7478
7483
7487
7493
7510
7513
7513
7540
7549
7554
7554
7563
7600
7639
7665
7669
7702
7707
7720
7729
7732
7749
7764
7778
7813
7820
7820
7821
7865
7870
7884
7895
7901
7903
7920
7937
7944
7951
7972
7978
7982
7989
7990
7991
7997
8001
8001
8003
8016
8041
8042
8051
8052
8052
8053
8066
8069
8079
8088
8090
8100
8108
8109
8122
8127
8135
8154
8160
8217
8219
8225
8225
8226
8233
8234
8250
8251
8284
8289
8291
8305
8332
8347
8347
8375
8381
8387
8395
8405
8410
8441
8475
8499
8504
8534
8538
8539
8541
8550
8556
8568
8574
8620
8621
8649
8663
8680
8692
8722
8723
8760
8761
8786
8797
8803
8803
8809
8822
8825
8826
8826
8835
8836
8853
8855
8878
8898
8899
8899
8913
8915
8918
8924
8927
8935
8939
8950
8963
8975
8979
8988
8998
9000
9027
9027
9040
9062
9068
9076
9085
9097
9107
9120
9125
9126
9139
9140
9149
9149
9206
9208
9227
9274
9291
9309
9318
9327
9359
9360
9361
9369
9397
9399
9410
9413
9427
9449
9455
9455
9463
9467
9467
9494
9494
9510
9520
9521
9543
9548
9556
9561
9623
9625
9656
9666
9671
9675
9682
9693
9705
9721
9730
9733
9744
9750
9755
9758
9765
9768
9780
9781
9783
9788
9800
9806
9809
9813
9830
9834
9843
9859
9876
9880
9904
9910
9912
9916
9926
9944
9967
9968
9971
9989
9996
5
17
19
21
27
54
61
63
67
69
71
76
95
117
119
127
128
132
135
156
157
161
167
179
182
186
190
193
194
203
248
251
257
263
266
274
284
294
311
312
312
313
314
327
371
378
382
383
387
405
406
415
426
452
452
452
462
495
496
509
513
529
533
555
573
589
601
622
625
626
627
633
635
636
638
641
658
665
666
667
669
675
679
683
686
707
709
715
721
723
724
726
743
749
750
751
773
777
781
796
817
821
841
841
849
849
852
868
883
891
897
908
911
951
960
973
974
980
992
1006
1009
1015
1016
1022
1027
1035
1050
1055
1067
1086
1098
1100
1103
1105
1106
1109
1113
1117
1122
1151
1183
1208
1208
1212
1214
1219
1232
1236
1242
1252
1256
1267
1267
1289
1300
1307
1312
1313
1316
1318
1321
1325
1344
1351
1365
1365
1372
1375
1391
1406
1410
1411
1413
1414
1418
1418
1451
1465
1472
1484
1489
1503
1504
1508
1510
1514
1520
1528
1535
1535
1549
1556
1559
1565
1572
1574
1575
1583
1590
1596
1604
1615
1621
1624
1625
1627
1633
1639
1645
1651
1666
1675
1682
1687
1693
1697
1704
1706
1707
1733
1737
1738
1755
1757
1758
1759
1767
1789
1792
1797
1812
1818
1821
1862
1865
1888
1891
1891
1898
1909
1941
1947
1950
1950
1971
1976
1982
1989
2005
2014
2018
2019
2028
2029
2050
2054
2081
2086
2090
2094
2099
2099
2106
2127
2134
2137
2142
2160
2181
2183
2193
2203
2213
2214
2219
2222
2225
2248
2266
2275
2281
2296
2305
2312
2313
2317
2318
2319
2320
2320
2321
2328
2344
2348
2352
2354
2373
2406
2410
2410
2410
2412
2423
2426
2430
2480
2501
2519
2532
2534
2535
2536
2537
2548
2596
2611
2615
2618
2619
2620
2629
2669
2677
2678
2699
2716
2743
2743
2754
2761
2768
2773
2777
2802
2812
2817
2838
2847
2852
2862
2868
2886
2892
2900
2904
2912
2959
2985
2987
2993
3012
3012
3013
3017
3021
3036
3038
3040
3061
3067
3072
3075
3076
3076
3079
3082
3087
3101
3130
3150
3155
3188
3220
3231
3233
3242
3246
3247
3253
3258
3261
3261
3262
3267
3268
3275
3307
3355
3375
3399
3409
3415
3421
3431
3431
3444
3452
3470
3494
3499
3515
3517
3528
3529
3539
3546
3566
3572
3576
3579
3581
3588
3588
3604
3607
3614
3631
3635
3659
3667
3671
3672
3680
3685
3688
3688
3693
3694
3699
3700
3708
3729
3733
3734
3735
3740
3747
3747
3751
3757
3759
3773
3780
3793
3827
3829
3831
3832
3839
3840
3845
3860
3884
3906
3909
3911
3911
3926
3932
3932
3937
3938
3940
3943
3946
3966
3971
3978
3988
4016
4021
4041
4076
4081
4089
4090
4095
4104
4115
4134
4144
4148
4152
4169
4184
4208
4211
4227
4232
4236
4246
4247
4263
4297
4298
4310
4313
4319
4361
4370
4391
4416
4425
4439
4440
4445
4483
4485
4488
4496
4526
4530
4532
4555
4561
4564
4570
4575
4582
4584
4596
4598
4607
4610
4616
4646
4647
4667
4687
4696
4701
4733
4734
4734
4762
4787
4804
4813
4814
4834
4837
4841
4842
4843
4848
4854
4866
4866
4866
4919
4939
4953
4956
4961
4961
4969
4975
4975
5010
5017
5030
5036
5037
5046
5054
5058
5063
5076
5083
5090
5092
5129
5147
5148
5150
5159
5161
5164
5167
5172
5174
5220
5237
5257
5271
5297
5298
5312
5327
5328
5335
5414
5421
5434
5463
5494
5497
5498
5512
5538
5570
5571
5584
5614
5624
5644
5654
5658
5670
5702
5722
5741
5741
5764
5770
5794
5797
5813
5828
5835
5839
5849
5857
5859
5878
5903
5925
5925
5936
5959
5967
5978
5982
5985
6014
6055
6065
6074
6077
6090
6107
6124
6124
6139
6140
6143
6167
6180
6195
6216
6223
6227
6254
6254
6273
6278
6287
6299
6308
6309
6338
6340
6341
6347
6354
6356
6364
6383
6390
6397
6406
6441
6451
6453
6464
6507
6511
6526
6567
6569
6589
6593
6601
6608
6615
6616
6626
6653
6654
6666
6706
6729
6734
6735
6785
6794
6794
6804
6805
6812
6813
6814
6818
6830
6835
6844
6852
6871
6876
6898
6921
6931
6943
6957
6960
6976
6983
7000
7010
7028
7032
7055
7056
7060
7071
7110
7137
7139
7155
7166
7170
7173
7180
7181
7188
7219
7222
7236
7240
7244
7245
7245
7260
7267
7271
7278
7315
7319
7324
7327
7333
7340
7357
7373
7380
7392
7411
7415
7439
7458
7471
7471
7474
7492
7508
7532
7545
7553
7558
7569
7600
7602
7611
7611
7628
7633
7646
7654
7667
7672
7686
7693
7693
7705
7726
7726
7729
7734
7736
7744
7746
7764
7767
7801
7830
7837
7841
7847
7851
7851
7882
7884
7893
7906
7911
7914
7952
7978
7981
7986
8005
8014
8015
8024
8032
8072
8073
8094
8101
8104
8117
8123
8124
8130
8137
8144
8149
8166
8179
8187
8201
8203
8214
8214
8233
8241
8248
8250
8259
8277
8278
8288
8290
8291
8303
8306
8323
8347
8379
8387
8410
8415
8415
8419
8425
8452
8453
8456
8458
8490
8492
8504
8510
8513
8519
8521
8541
8547
8547
8548
8555
8590
8594
8597
8630
8642
8659
8674
8677
8677
8687
8691
8695
8707
8735
8742
8758
8769
8776
8777
8785
8790
8812
8828
8851
8862
8890
8892
8901
8903
8907
8913
8929
8953
8977
8981
8984
8992
8998
8999
9002
9010
9015
9018
9035
9063
9075
9078
9099
9133
9164
9165
9165
9172
9185
9201
9204
9206
9210
9216
9226
9230
9230
9240
9241
9247
9263
9283
9291
9319
9326
9327
9362
9386
9400
9449
9452
9457
9458
9464
9472
9473
9508
9516
9534
9535
9535
9543
9549
9553
9586
9608
9618
9650
9653
9670
9673
9677
9689
9692
9707
9707
9714
9714
9728
9735
9744
9771
9777
9777
9777
9783
9785
9787
9790
9819
9840
9842
9870
9880
9886
9888
9892
9894
9905
9919
9938
9950
9953
9977
3
7
30
38
39
40
41
45
63
65
67
72
83
90
96
112
121
121
135
137
143
145
175
175
184
210
212
220
223
249
260
271
288
290
294
303
307
308
312
321
329
338
345
359
380
383
384
388
392
392
416
425
429
436
437
444
444
444
455
464
465
469
475
479
491
510
538
543
544
550
553
556
569
583
594
596
603
609
631
632
636
637
650
655
661
673
685
691
700
717
726
740
755
761
765
765
769
774
786
789
797
819
839
857
860
887
888
927
932
939
940
943
945
960
967
973
975
976
987
997
1010
1021
1022
1032
1038
1054
1055
1068
1071
1071
1075
1085
1095
1099
1104
1104
1118
1122
1122
1128
1130
1130
1153
1153
1162
1193
1211
1215
1220
1227
1230
1234
1236
1254
1257
1259
1259
1263
1275
1275
1331
1337
1338
1339
1364
1375
1379
1382
1387
1387
1398
1400
1418
1433
1447
1454
1459
1471
1473
1490
1507
1529
1532
1542
1544
1549
1564
1572
1573
1580
1594
1601
1620
1620
1622
1635
1636
1640
1648
1649
1670
1671
1677
1678
1680
1680
1681
1687
1693
1696
1720
1725
1732
1734
1738
1741
1742
1742
1747
1748
1751
1753
1754
1758
1763
1777
1786
1794
1797
1828
1830
1836
1838
1857
1865
1870
1876
1908
1921
1929
1932
1935
1937
1939
1959
1960
1961
1970
1985
1991
1993
1994
2004
2012
2023
2030
2047
2051
2061
2073
2077
2079
2080
2098
2102
2107
2107
2109
2113
2126
2133
2136
2142
2148
2160
2161
2172
2186
2187
2187
2189
2207
2217
2226
2228
2235
2236
2277
2284
2289
2290
2291
2297
2297
2299
2301
2303
2310
2326
2331
2333
2334
2338
2339
2339
2358
2362
2386
2389
2394
2400
2413
2416
2418
2422
2459
2467
2468
2492
2518
2518
2520
2520
2525
2532
2577
2581
2593
2600
2603
2614
2616
2626
2632
2636
2647
2671
2674
2705
2705
2734
2735
2742
2749
2753
2755
2757
2763
2776
2788
2790
2795
2811
2819
2846
2847
2862
2874
2881
2898
2904
2907
2941
2948
2956
2957
2965
2976
2977
2977
2978
2979
2982
2982
2983
2999
3002
3008
3017
3032
3033
3048
3064
3081
3092
3111
3117
3137
3147
3149
3163
3187
3187
3188
3189
3194
3195
3216
3221
3222
3223
3254
3256
3260
3269
3295
3316
3326
3327
3335
3378
3405
3427
3432
3438
3439
3463
3466
3467
3496
3501
3511
3521
3529
3532
3565
3577
3585
3590
3622
3628
3649
3651
3674
3676
3680
3681
3685
3690
3696
3714
3715
3744
3763
3768
3769
3769
3779
3826
3840
3841
3848
3853
3878
3887
3898
3924
3929
3930
3935
3942
3946
3951
3960
3962
3965
3968
3970
4000
4020
4021
4027
4052
4055
4063
4073
4081
4086
4091
4099
4137
4145
4176
4179
4195
4198
4204
4211
4249
4274
4276
4289
4290
4305
4308
4311
4320
4320
4330
4351
4371
4373
4379
4398
4402
4402
4411
4421
4430
4445
4492
4512
4520
4538
4551
4561
4570
4584
4585
4601
4619
4626
4630
4638
4674
4682
4691
4703
4705
4718
4729
4743
4748
4776
4780
4800
4854
4872
4876
4889
4896
4897
4900
4905
4910
4916
4917
4924
4940
4956
4956
4971
4976
4993
4995
4999
5047
5048
5056
5060
5087
5114
5117
5122
5129
5135
5175
5176
5217
5228
5230
5253
5264
5276
5281
5298
5302
5307
5369
5388
5392
5417
5430
5436
5438
5440
5444
5499
5540
5553
5578
5581
5592
5602
5605
5629
5689
5719
5743
5764
5770
5780
5796
5807
5822
5827
5828
5833
5840
5840
5851
5856
5859
5862
5892
5899
5921
5940
5949
5973
5973
5976
5980
5983
5986
5992
6001
6021
6063
6081
6093
6130
6144
6146
6161
6163
6165
6169
6200
6215
6228
6229
6237
6244
6248
6264
6266
6270
6290
6291
6316
6319
6340
6340
6366
6367
6369
6425
6428
6467
6468
6475
6489
6502
6506
6513
6519
6521
6523
6550
6554
6558
6574
6582
6593
6599
6611
6612
6615
6618
6658
6663
6671
6683
6686
6686
6701
6706
6731
6773
6775
6788
6790
6806
6811
6815
6815
6847
6856
6858
6870
6874
6885
6886
6895
6899
6901
6924
6929
6935
6937
6961
6965
6969
6976
6990
6991
6992
6999
7001
7007
7019
7027
7037
7043
7046
7051
7063
7109
7119
7130
7138
7138
7156
7167
7176
7179
7180
7213
7233
7261
7315
7318
7320
7327
7329
7330
7341
7344
7350
7374
7376
7381
7386
7394
7402
7402
7414
7414
7423
7426
7432
7434
7439
7469
7502
7539
7550
7558
7575
7578
7582
7589
7596
7615
7628
7635
7644
7647
7659
7661
7671
7682
7694
7716
7738
7751
7756
7768
7772
7777
7785
7790
7806
7809
7819
7821
7831
7840
7848
7869
7884
7896
7904
7907
7922
7935
7935
7937
7941
7944
7960
7969
7974
7974
7980
7999
8024
8031
8040
8061
8063
8065
8076
8095
8096
8098
8099
8176
8197
8213
8228
8233
8237
8240
8250
8259
8294
8324
8325
8336
8339
8339
8343
8365
8369
8375
8385
8388
8388
8400
8430
8432
8441
8457
8467
8480
8493
8497
8506
8506
8512
8518
8520
8537
8549
8556
8581
8584
8598
8603
8606
8616
8621
8660
8665
8671
8675
8686
8728
8735
8740
8750
8761
8761
8762
8764
8767
8803
8804
8805
8824
8834
8834
8834
8834
8840
8863
8864
8874
8882
8898
8904
8905
8917
8917
8946
8972
8973
8983
9005
9025
9027
9034
9052
9080
9081
9116
9132
9133
9137
9137
9150
9153
9161
9202
9207
9215
9215
9233
9239
9264
9289
9297
9302
9302
9320
9345
9360
9372
9374
9377
9398
9412
9417
9425
9440
9442
9459
9462
9484
9528
9533
9555
9558
9560
9562
9565
9571
9571
9576
9587
9594
9611
9618
9623
9634
9636
9640
9669
9676
9690
9697
9706
9709
9711
9712
9718
9723
9736
9765
9778
9786
9811
9823
9850
9872
9884
9892
9904
9909
9914
9921
9930
9960
9963
9968
9985
9986
9987
3
12
26
27
30
40
43
44
53
57
80
82
85
90
121
149
154
160
167
180
195
201
208
209
215
230
235
240
249
250
258
279
299
300
310
325
325
326
333
345
365
366
369
373
379
389
402
412
415
430
432
449
451
457
460
468
483
489
492
510
511
513
515
522
528
549
550
551
552
556
560
564
565
570
599
601
610
610
615
625
626
630
636
667
667
675
708
711
713
714
725
731
734
750
753
760
799
800
809
811
812
813
831
840
857
858
873
895
898
907
911
915
929
968
979
991
994
999
1010
1019
1039
1052
1071
1071
1076
1085
1099
1103
1104
1109
1115
1123
1123
1125
1131
1143
1164
1169
1170
1173
1177
1200
1206
1209
1210
1210
1217
1244
1249
1252
1256
1265
1289
1299
1301
1302
1313
1320
1326
1327
1331
1334
1334
1347
1353
1364
1374
1384
1384
1387
1388
1397
1398
1401
1405
1407
1419
1424
1432
1448
1456
1457
1472
1496
1496
1506
1507
1510
1511
1513
1513
1532
1535
1539
1543
1547
1551
1572
1575
1575
1578
1585
1587
1601
1625
1630
1632
1650
1651
1656
1676
1680
1685
1687
1702
1706
1712
1727
1734
1771
1777
1781
1782
1798
1814
1814
1821
1825
1831
1832
1833
1838
1838
1847
1848
1854
1878
1880
1884
1891
1899
1900
1916
1916
1916
1916
1916
1921
1926
1933
1937
1940
1942
1948
1952
1954
1965
1969
1986
1990
1996
1996
1997
2007
2032
2035
2050
2059
2060
2062
2066
2073
2076
2079
2101
2106
2109
2110
2116
2119
2142
2144
2144
2153
2154
2156
2163
2169
2174
2181
2188
2205
2218
2220
2226
2227
2264
2295
2295
2318
2336
2337
2341
2349
2353
2384
2390
2398
2398
2398
2412
2427
2431
2446
2449
2475
2475
2477
2483
2493
2494
2504
2531
2547
2548
2552
2555
2571
2573
2579
2579
2586
2597
2604
2607
2620
2622
2626
2627
2628
2632
2634
2637
2646
2647
2653
2653
2657
2660
2661
2661
2687
2687
2709
2710
2719
2728
2752
2754
2759
2774
2779
2789
2791
2803
2812
2813
2815
2820
2861
2866
2904
2935
2951
2966
2982
3020
3026
3043
3079
3079
3096
3102
3104
3137
3164
3187
3197
3198
3246
3267
3269
3271
3275
3323
3332
3340
3354
3359
3372
3375
3376
3380
3382
3383
3400
3403
3419
3422
3422
3424
3429
3463
3481
3481
3498
3501
3505
3509
3519
3537
3541
3542
3544
3549
3550
3555
3577
3582
3593
3602
3614
3616
3635
3639
3644
3651
3654
3654
3654
3662
3700
3717
3720
3741
3741
3747
3750
3776
3789
3810
3817
3821
3822
3824
3832
3841
3870
3884
3884
3906
3936
3940
3942
3951
3965
3969
3970
3985
3997
4022
4024
4029
4029
4060
4077
4085
4101
4103
4112
4116
4118
4122
4122
4125
4135
4141
4154
4161
4162
4170
4181
4185
4249
4264
4290
4292
4296
4307
4335
4343
4348
4372
4387
4419
4435
4438
4468
4471
4473
4487
4488
4494
4496
4532
4569
4577
4590
4596
4600
4603
4626
4643
4657
4674
4681
4684
4702
4706
4708
4728
4734
4736
4744
4747
4754
4760
4772
4775
4775
4778
4788
4820
4848
4849
4854
4857
4886
4892
4918
4924
4953
4955
4964
4966
4982
4984
4984
4996
5009
5013
5013
5096
5103
5145
5168
5183
5198
5217
5250
5256
5259
5318
5332
5340
5342
5357
5374
5380
5388
5391
5393
5393
5408
5421
5430
5439
5453
5455
5459
5492
5493
5531
5533
5534
5541
5543
5545
5555
5561
5565
5585
5588
5602
5632
5632
5649
5650
5655
5665
5673
5700
5752
5753
5758
5759
5782
5784
5808
5809
5809
5810
5817
5822
5848
5858
5865
5868
5888
5890
5892
5894
5899
5909
5909
5922
5929
5930
5941
5941
5959
5962
5969
5975
5999
6009
6054
6073
6084
6089
6093
6116
6139
6150
6190
6192
6219
6224
6233
6242
6244
6254
6255
6265
6309
6316
6321
6326
6341
6348
6359
6378
6395
6402
6405
6417
6422
6431
6437
6443
6450
6458
6462
6469
6497
6501
6502
6535
6536
6551
6553
6562
6568
6575
6579
6594
6598
6605
6634
6639
6654
6706
6726
6730
6752
6755
6758
6782
6794
6797
6812
6831
6832
6853
6853
6858
6872
6875
6899
6901
6918
6934
6939
6965
6988
7002
7008
7009
7020
7033
7036
7036
7040
7066
7088
7089
7109
7120
7123
7125
7146
7161
7169
7178
7195
7197
7205
7211
7275
7287
7290
7306
7316
7320
7329
7359
7364
7371
7376
7380
7384
7389
7392
7399
7414
7416
7417
7425
7455
7482
7485
7494
7496
7522
7523
7525
7533
7540
7561
7602
7617
7624
7638
7644
7647
7659
7660
7664
7667
7703
7710
7735
7737
7738
7745
7752
7772
7780
7786
7797
7808
7810
7846
7847
7851
7856
7877
7909
7915
7920
7938
7948
7956
7958
7966
7998
8021
8021
8032
8038
8041
8061
8062
8065
8081
8084
8095
8101
8108
8110
8111
8111
8112
8127
8141
8146
8173
8185
8192
8246
8258
8261
8282
8311
8325
8329
8339
8345
8365
8378
8381
8390
8395
8415
8422
8433
8439
8439
8449
8480
8500
8555
8572
8598
8603
8625
8625
8652
8655
8661
8671
8690
8698
8699
8700
8737
8755
8762
8811
8826
8829
8832
8836
8841
8844
8860
8870
8881
8889
8890
8893
8894
8900
8907
8926
8930
8942
8972
8985
8987
9012
9034
9034
9035
9036
9041
9053
9060
9067
9074
9079
9088
9100
9103
9121
9133
9145
9170
9172
9184
9186
9191
9198
9202
9247
9247
9249
9250
9258
9262
9262
9268
9268
9271
9275
9306
9316
9329
9350
9353
9355
9358
9364
9388
9411
9421
9430
9433
9466
9471
9481
9481
9489
9489
9500
9502
9510
9515
9530
9536
9539
9551
9563
9565
9577
9590
9591
9595
9595
9605
9615
9627
9628
9640
9671
9689
9690
9721
9730
9733
9744
9777
9777
9789
9791
9798
9808
9828
9863
9867
9873
9878
9878
9881
9928
9940
9952
9956
9979
9985
3
43
49
58
64
66
67
98
104
117
131
132
155
160
178
190
195
210
210
228
228
244
248
264
265
284
289
291
293
298
300
306
329
335
340
343
348
357
373
374
375
378
380
384
388
391
394
396
401
410
415
419
437
446
446
456
460
470
481
485
498
501
502
503
517
524
529
530
540
542
552
561
562
571
578
580
593
595
605
649
658
663
665
668
672
681
686
687
699
710
711
717
720
746
759
771
776
777
785
799
800
800
812
862
867
869
890
894
904
909
917
936
940
943
965
968
984
991
994
1011
1024
1032
1039
1046
1057
1068
1070
1088
1088
1091
1094
1104
1106
1115
1126
1129
1140
1143
1150
1162
1162
1185
1194
1225
1257
1265
1269
1281
1284
1293
1299
1304
1306
1328
1329
1329
1332
1338
1345
1359
1363
1387
1389
1392
1400
1406
1410
1419
1425
1427
1428
1437
1441
1443
1460
1460
1463
1464
1484
1489
1493
1532
1537
1550
1550
1552
1554
1555
1561
1596
1598
1599
1603
1631
1641
1646
1657
1669
1677
1682
1690
1702
1703
1710
1721
1729
1758
1767
1768
1783
1786
1790
1795
1799
1802
1802
1820
1827
1829
1839
1858
1877
1877
1879
1882
1898
1903
1908
1914
1919
1929
1938
1943
1945
1955
1960
1971
1987
1988
2007
2010
2015
2034
2037
2074
2078
2086
2096
2107
2112
2115
2127
2131
2157
2164
2166
2168
2169
2175
2179
2211
2211
2214
2222
2222
2224
2229
2231
2233
2234
2237
2246
2247
2252
2252
2254
2260
2264
2273
2304
2305
2314
2321
2330
2332
2334
2357
2372
2377
2381
2384
2388
2400
2405
2416
2428
2439
2439
2458
2462
2476
2493
2494
2494
2507
2521
2537
2541
2548
2556
2557
2560
2569
2570
2576
2578
2583
2586
2591
2594
2599
2601
2621
2623
2630
2632
2637
2650
2658
2661
2667
2670
2675
2707
2709
2720
2720
2726
2731
2732
2732
2737
2752
2753
2784
2786
2788
2796
2801
2807
2814
2819
2836
2837
2839
2849
2863
2905
2906
2908
2911
2915
2916
2924
2925
2934
2940
2941
2950
2964
2972
2986
2988
2996
3012
3036
3044
3055
3073
3082
3088
3101
3106
3112
3117
3140
3149
3167
3167
3168
3173
3200
3202
3222
3226
3257
3269
3323
3338
3359
3367
3368
3370
3371
3390
3428
3430
3446
3455
3459
3495
3506
3506
3516
3520
3530
3545
3548
3552
3555
3570
3610
3617
3650
3653
3662
3665
3667
3681
3683
3691
3699
3705
3705
3743
3744
3760
3763
3797
3803
3808
3811
3819
3832
3882
3888
3899
3900
3903
3919
3925
3936
3939
3961
3970
3975
3981
3995
3997
4002
4004
4006
4007
4017
4017
4026
4038
4063
4063
4066
4068
4084
4102
4139
4153
4159
4160
4207
4213
4241
4247
4249
4278
4317
4318
4344
4356
4361
4378
4386
4412
4428
4429
4449
4476
4480
4484
4488
4492
4495
4538
4540
4571
4596
4597
4597
4601
4622
4638
4649
4673
4684
4697
4710
4711
4712
4724
4734
4735
4741
4749
4749
4749
4753
4757
4768
4770
4773
4776
4782
4794
4814
4815
4826
4835
4839
4843
4843
4853
4860
4871
4881
4895
4910
4927
4928
4932
4948
4949
4951
4968
4970
4976
4994
4998
5015
5039
5045
5055
5064
5120
5124
5137
5145
5154
5171
5186
5190
5199
5203
5235
5240
5252
5274
5277
5279
5295
5305
5311
5328
5347
5352
5353
5355
5361
5379
5383
5393
5396
5402
5402
5421
5433
5440
5442
5481
5483
5498
5524
5538
5538
5543
5548
5557
5564
5582
5593
5617
5622
5653
5655
5662
5677
5705
5706
5719
5721
5727
5735
5736
5761
5801
5805
5830
5838
5849
5859
5882
5892
5897
5899
5902
5918
5918
5946
5947
5957
6002
6003
6008
6011
6012
6027
6070
6075
6107
6131
6136
6137
6138
6138
6138
6140
6169
6184
6194
6199
6205
6207
6223
6227
6246
6283
6287
6347
6350
6351
6358
6373
6404
6412
6450
6451
6469
6473
6514
6519
6540
6566
6593
6605
6610
6610
6616
6628
6630
6633
6641
6653
6669
6687
6697
6701
6710
6713
6715
6737
6747
6747
6751
6762
6769
6770
6777
6778
6783
6784
6807
6813
6837
6843
6848
6860
6878
6879
6898
6901
6904
6916
6923
6941
6952
6956
6961
6972
6986
6991
7022
7026
7061
7063
7076
7085
7088
7089
7093
7100
7104
7125
7150
7154
7196
7209
7222
7235
7244
7253
7257
7258
7260
7268
7309
7313
7317
7332
7337
7361
7376
7386
7395
7395
7400
7417
7423
7473
7475
7493
7520
7522
7538
7548
7549
7554
7567
7568
7572
7575
7580
7598
7602
7609
7609
7630
7630
7641
7643
7678
7681
7686
7690
7703
7710
7718
7721
7732
7742
7760
7764
7798
7827
7842
7857
7858
7864
7871
7910
7911
7914
7920
7920
7924
7927
7930
7951
7953
7983
7991
8009
8016
8040
8044
8057
8062
8065
8071
8073
8077
8106
8118
8119
8131
8135
8142
8154
8156
8173
8178
8181
8184
8195
8211
8216
8244
8245
8268
8273
8304
8307
8309
8323
8334
8374
8393
8396
8406
8408
8446
8469
8472
8487
8500
8501
8503
8504
8533
8540
8544
8550
8555
8558
8565
8576
8591
8598
8613
8615
8622
8635
8636
8642
8662
8663
8664
8702
8703
8714
8716
8719
8730
8740
8741
8769
8796
8797
8800
8809
8817
8830
8849
8850
8870
8875
8887
8887
8900
8931
8941
8948
8963
8964
8967
8973
8997
9018
9043
9046
9047
9083
9086
9090
9091
9094
9112
9121
9123
9137
9157
9158
9176
9178
9202
9227
9244
9253
9264
9286
9297
9316
9348
9358
9359
9388
9393
9395
9402
9438
9441
9450
9462
9469
9470
9480
9493
9494
9515
9517
9543
9546
9547
9555
9564
9569
9570
9570
9577
9580
9587
9593
9601
9611
9614
9615
9626
9629
9635
9644
9658
9670
9702
9730
9761
9762
9764
9773
9783
9814
9841
9863
9879
9887
9895
9897
9901
9918
9923
9924
9970
9975
9988
9994
2
4
6
45
53
59
65
88
99
99
116
117
121
134
137
146
152
153
168
170
171
177
192
193
194
197
205
218
224
237
238
251
253
267
279
284
285
290
292
299
329
329
332
350
353
359
364
366
375
394
408
408
424
446
447
448
448
451
459
471
471
477
480
484
502
513
522
528
530
533
540
543
552
552
557
565
573
589
596
600
604
607
614
629
646
661
662
676
679
694
701
703
714
731
742
752
756
758
760
771
772
778
801
803
811
818
820
827
837
838
840
856
865
870
871
875
877
880
880
881
893
896
897
899
902
909
929
931
933
944
948
955
974
1035
1037
1058
1061
1064
1085
1088
1091
1097
1099
1113
1116
1144
1174
1175
1176
1177
1194
1207
1211
1213
1217
1219
1231
1239
1240
1247
1248
1248
1254
1257
1280
1294
1294
1300
1310
1311
1316
1316
1318
1319
1319
1320
1321
1325
1357
1358
1364
1364
1373
1378
1397
1397
1403
1417
1420
1424
1428
1434
1440
1453
1480
1487
1491
1491
1499
1512
1526
1527
1534
1538
1545
1553
1579
1600
1609
1612
1620
1632
1634
1638
1641
1662
1666
1674
1678
1680
1690
1703
1706
1729
1734
1746
1754
1765
1767
1774
1789
1791
1794
1794
1804
1836
1837
1849
1858
1872
1882
1897
1898
1902
1912
1926
1936
1942
1948
1955
1955
1958
1959
1981
2003
2011
2016
2018
2023
2024
2031
2048
2052
2074
2075
2079
2085
2089
2091
2102
2109
2125
2138
2150
2163
2179
2181
2182
2184
2198
2206
2220
2221
2224
2238
2246
2247
2257
2292
2299
2321
2337
2345
2347
2357
2358
2361
2366
2385
2391
2395
2398
2400
2411
2416
2422
2432
2435
2441
2444
2450
2453
2470
2475
2476
2491
2501
2535
2549
2552
2555
2558
2576
2580
2588
2595
2600
2613
2636
2639
2656
2660
2668
2678
2678
2681
2695
2696
2698
2699
2708
2708
2710
2711
2711
2722
2722
2732
2734
2743
2745
2745
2747
2749
2749
2751
2770
2777
2778
2778
2779
2783
2802
2834
2849
2858
2880
2888
2902
2905
2910
2916
2924
2926
2934
2962
2969
2970
2975
3006
3009
3016
3034
3035
3040
3043
3044
3058
3079
3084
3094
3106
3136
3137
3140
3146
3154
3202
3203
3209
3240
3241
3267
3304
3330
3338
3343
3357
3371
3376
3383
3403
3404
3409
3414
3422
3452
3510
3520
3520
3530
3530
3540
3565
3568
3570
3578
3581
3584
3603
3606
3615
3628
3629
3660
3673
3673
3693
3714
3721
3727
3771
3822
3822
3830
3837
3843
3845
3860
3875
3888
3894
3904
3917
3920
3921
3929
3958
3959
3974
3974
3977
3987
3993
3995
4001
4004
4007
4012
4015
4018
4048
4049
4051
4059
4079
4089
4095
4101
4105
4113
4113
4116
4136
4138
4143
4152
4153
4153
4156
4163
4164
4198
4212
4246
4250
4261
4266
4271
4271
4272
4277
4297
4303
4310
4319
4327
4335
4344
4351
4359
4360
4363
4382
4410
4421
4448
4459
4466
4470
4472
4479
4486
4494
4499
4500
4515
4525
4535
4561
4569
4615
4624
4624
4632
4655
4657
4659
4662
4667
4671
4674
4696
4696
4701
4701
4701
4730
4730
4765
4771
4812
4813
4819
4820
4823
4827
4845
4848
4854
4860
4867
4891
4908
4912
4916
4926
4935
4937
4947
4948
4961
4965
4975
5002
5035
5056
5060
5068
5086
5090
5092
5103
5121
5126
5136
5146
5150
5155
5160
5164
5182
5186
5187
5188
5190
5207
5227
5236
5257
5299
5306
5364
5367
5371
5376
5378
5383
5388
5405
5416
5417
5420
5422
5423
5431
5442
5454
5459
5469
5473
5481
5487
5512
5520
5550
5556
5572
5579
5582
5598
5602
5604
5606
5609
5619
5638
5664
5665
5676
5679
5698
5700
5709
5748
5751
5753
5783
5786
5843
5925
5926
5955
5992
6033
6039
6039
6050
6050
6053
6063
6111
6113
6120
6122
6124
6131
6137
6171
6177
6181
6191
6192
6196
6203
6219
6235
6250
6297
6341
6346
6349
6358
6364
6423
6426
6461
6471
6495
6538
6550
6560
6567
6582
6586
6591
6592
6594
6594
6613
6622
6633
6634
6636
6643
6654
6667
6673
6685
6686
6689
6693
6724
6732
6742
6742
6749
6756
6757
6777
6782
6791
6792
6801
6806
6840
6862
6870
6879
6886
6889
6894
6896
6900
6925
6933
6948
6953
6966
6992
6999
7005
7035
7035
7055
7078
7088
7090
7097
7105
7112
7124
7125
7154
7156
7180
7180
7180
7188
7191
7230
7236
7250
7256
7260
7263
7279
7297
7297
7300
7321
7332
7343
7349
7360
7377
7384
7389
7438
7446
7460
7473
7490
7534
7554
7566
7574
7603
7616
7648
7655
7678
7682
7697
7697
7711
7713
7717
7739
7751
7763
7779
7781
7791
7794
7799
7806
7810
7815
7829
7831
7838
7838
7844
7871
7904
7913
7934
7953
7960
7966
7994
8002
8016
8032
8033
8055
8064
8075
8078
8079
8079
8110
8149
8164
8184
8193
8202
8212
8214
8216
8219
8237
8238
8240
8251
8252
8274
8276
8288
8299
8307
8316
8328
8336
8345
8374
8385
8385
8399
8431
8434
8440
8454
8470
8485
8505
8518
8520
8521
8523
8533
8544
8548
8561
8565
8569
8578
8589
8621
8656
8660
8661
8684
8745
8795
8799
8819
8825
8826
8830
8840
8851
8859
8866
8891
8892
8934
8940
8947
8990
8997
9005
9011
9021
9025
9035
9040
9046
9049
9053
9054
9056
9056
9056
9061
9081
9106
9116
9132
9140
9164
9165
9176
9185
9186
9193
9209
9250
9259
9261
9264
9265
9272
9278
9279
9348
9360
9370
9371
9372
9374
9376
9385
9394
9431
9439
9447
9462
9465
9465
9474
9486
9492
9503
9506
9508
9521
9538
9539
9543
9551
9553
9576
9578
9580
9581
9583
9586
9592
9598
9604
9607
9637
9641
9650
9651
9659
9666
9679
9711
9736
9741
9741
9767
9773
9809
9815
9834
9837
9846
9863
9866
9873
9887
9888
9924
9934
9950
9984
1
7
12
18
39
46
47
89
94
112
118
120
132
132
139
141
156
161
173
183
183
186
193
200
213
217
218
230
237
255
255
261
266
268
279
281
282
292
303
338
368
390
403
425
430
432
441
445
465
465
467
469
476
476
488
492
496
497
507
525
536
538
541
543
550
552
571
573
576
577
586
599
602
608
631
639
642
673
674
682
684
691
696
719
723
728
732
737
766
768
779
793
802
819
821
827
832
853
871
872
880
893
899
908
911
928
938
949
955
960
969
974
975
988
988
993
993
1004
1017
1019
1030
1033
1034
1039
1047
1066
1079
1086
1094
1107
1111
1122
1129
1134
1135
1143
1147
1162
1165
1169
1169
1172
1177
1182
1189
1212
1212
1239
1254
1291
1294
1298
1311
1312
1319
1321
1333
1335
1343
1343
1344
1346
1365
1390
1396
1398
1401
1404
1407
1415
1417
1417
1421
1421
1427
1437
1440
1440
1445
1453
1456
1456
1467
1468
1486
1487
1509
1516
1516
1533
1545
1549
1551
1552
1558
1559
1562
1597
1609
1612
1624
1632
1632
1634
1638
1640
1648
1657
1677
1679
1680
1689
1690
1699
1699
1700
1708
1709
1709
1730
1761
1769
1770
1781
1816
1818
1825
1830
1836
1837
1903
1909
1912
1914
1916
1916
1925
1932
1933
1934
1935
1942
1945
1952
1968
1996
1999
2017
2026
2038
2046
2071
2074
2077
2078
2089
2094
2098
2110
2117
2118
2120
2121
2125
2134
2138
2148
2153
2154
2162
2198
2207
2209
2213
2215
2224
2225
2225
2228
2229
2244
2274
2280
2288
2309
2319
2345
2356
2362
2396
2398
2413
2448
2454
2458
2460
2468
2472
2478
2486
2494
2497
2499
2506
2526
2531
2534
2534
2548
2560
2564
2567
2570
2570
2579
2580
2586
2596
2614
2643
2656
2665
2668
2673
2674
2687
2696
2702
2709
2717
2719
2723
2742
2743
2749
2754
2754
2762
2772
2783
2790
2792
2800
2806
2819
2823
2842
2847
2849
2853
2857
2860
2864
2960
3021
3023
3027
3043
3052
3055
3086
3102
3110
3115
3119
3122
3130
3134
3136
3141
3150
3170
3174
3179
3182
3216
3228
3230
3232
3268
3274
3279
3282
3284
3335
3348
3349
3350
3356
3358
3404
3414
3421
3428
3428
3430
3443
3446
3452
3456
3461
3486
3503
3529
3547
3553
3564
3572
3583
3595
3597
3606
3626
3641
3641
3642
3648
3655
3662
3684
3702
3702
3707
3712
3721
3735
3738
3754
3762
3763
3769
3787
3825
3852
3858
3864
3864
3877
3892
3894
3900
3911
3911
3918
3926
3930
3941
3941
3947
3966
3974
3981
3994
4005
4020
4022
4035
4036
4038
4045
4056
4060
4098
4110
4113
4131
4140
4144
4156
4177
4183
4184
4186
4188
4194
4207
4209
4210
4212
4231
4239
4244
4245
4258
4265
4266
4277
4280
4282
4289
4341
4343
4356
4358
4359
4366
4377
4377
4380
4390
4393
4420
4428
4429
4432
4442
4467
4469
4474
4477
4509
4513
4516
4517
4528
4543
4548
4563
4567
4568
4579
4579
4579
4584
4599
4600
4612
4615
4618
4646
4652
4660
4660
4662
4667
4676
4684
4688
4700
4730
4734
4744
4766
4776
4789
4799
4800
4802
4811
4821
4835
4838
4853
4858
4864
4864
4872
4937
4964
4965
4989
4998
4999
5001
5003
5005
5017
5033
5044
5069
5095
5112
5113
5117
5118
5119
5119
5125
5129
5143
5173
5249
5256
5259
5265
5266
5267
5275
5276
5279
5283
5284
5303
5307
5332
5353
5371
5377
5380
5381
5389
5390
5393
5404
5425
5439
5443
5448
5455
5501
5502
5503
5507
5509
5517
5526
5529
5538
5556
5558
5572
5591
5619
5656
5671
5687
5706
5716
5721
5730
5733
5736
5740
5747
5751
5752
5756
5786
5793
5794
5814
5816
5816
5820
5851
5859
5864
5895
5898
5903
5931
5938
5957
5968
5969
5987
5988
5995
6003
6009
6032
6038
6047
6056
6057
6058
6061
6078
6084
6108
6134
6168
6194
6206
6216
6228
6236
6243
6253
6260
6296
6315
6330
6353
6377
6393
6397
6402
6408
6412
6413
6419
6427
6439
6441
6453
6455
6458
6463
6472
6473
6489
6505
6536
6543
6562
6565
6569
6588
6598
6604
6629
6661
6665
6673
6680
6687
6696
6697
6704
6725
6744
6755
6766
6780
6799
6800
6811
6813
6828
6842
6869
6884
6908
6913
6924
6939
6943
6955
6979
6982
6984
7008
7020
7020
7023
7089
7090
7107
7113
7114
7116
7127
7157
7167
7174
7183
7185
7224
7252
7264
7270
7284
7313
7326
7328
7331
7334
7355
7375
7377
7386
7388
7408
7417
7435
7453
7461
7466
7469
7472
7476
7484
7487
7496
7498
7511
7540
7548
7561
7565
7566
7567
7579
7613
7626
7635
7639
7653
7667
7674
7675
7705
7706
7714
7726
7766
7778
7779
7806
7814
7834
7835
7845
7852
7865
7881
7893
7899
7900
7905
7921
7932
7938
7944
7945
7957
7965
7982
7983
7993
7999
8001
8008
8021
8023
8028
8033
8045
8046
8056
8059
8075
8111
8111
8120
8121
8139
8145
8153
8162
8172
8177
8180
8204
8205
8227
8262
8317
8325
8327
8327
8333
8354
8387
8393
8402
8405
8414
8416
8491
8492
8500
8532
8535
8535
8551
8560
8577
8580
8580
8588
8589
8596
8604
8613
8635
8669
8683
8685
8691
8702
8713
8744
8769
8786
8786
8786
8790
8806
8812
8819
8833
8834
8836
8838
8841
8861
8862
8862
8869
8873
8885
8894
8897
8898
8899
8899
8910
8911
8915
8923
8925
8925
8934
8934
8953
8969
8990
8992
9015
9016
9037
9037
9041
9052
9068
9070
9070
9082
9095
9173
9181
9195
9195
9211
9240
9247
9256
9266
9340
9370
9380
9395
9398
9402
9406
9416
9435
9442
9454
9489
9501
9505
9526
9537
9553
9557
9566
9574
9584
9602
9604
9618
9625
9667
9675
9696
9707
9730
9732
9735
9743
9756
9764
9766
9797
9797
9807
9849
9866
9893
9893
9906
9928
9952
9964
9965
9973
9975
1
6
7
9
9
12
16
35
37
53
54
57
60
63
64
71
71
80
81
94
105
114
121
136
141
170
174
175
196
200
200
218
219
223
223
223
235
237
242
255
264
265
283
285
286
293
295
303
304
310
323
325
353
355
356
359
376
388
391
415
417
419
426
440
448
450
464
465
472
472
472
475
477
481
485
488
491
539
547
576
577
578
593
599
604
609
617
630
635
638
640
649
660
666
705
708
721
747
749
750
755
770
800
801
805
811
833
850
850
853
855
864
865
871
874
875
882
903
913
928
930
931
932
934
939
962
964
965
984
984
985
990
998
1022
1027
1051
1058
1064
1069
1072
1080
1089
1110
1110
1114
1121
1127
1138
1151
1159
1161
1171
1190
1193
1202
1224
1249
1251
1253
1253
1266
1280
1283
1289
1296
1305
1317
1323
1330
1332
1368
1369
1396
1402
1406
1412
1430
1431
1438
1458
1463
1472
1476
1479
1488
1495
1497
1504
1505
1511
1515
1515
1515
1516
1533
1535
1538
1540
1542
1542
1545
1554
1574
1580
1583
1590
1593
1601
1614
1617
1645
1649
1650
1651
1668
1678
1683
1695
1698
1727
1740
1754
1770
1777
1779
1801
1805
1807
1817
1821
1835
1835
1837
1844
1851
1855
1857
1871
1881
1888
1904
1905
1921
1924
1933
1943
1946
1947
1948
1951
1982
1988
1996
1997
1997
2001
2012
2014
2028
2056
2080
2085
2093
2095
2116
2127
2134
2151
2154
2156
2165
2168
2171
2190
2190
2193
2196
2207
2217
2222
2234
2237
2252
2269
2276
2279
2281
2316
2323
2327
2346
2363
2364
2396
2403
2406
2416
2429
2429
2436
2440
2448
2455
2470
2475
2479
2486
2489
2495
2519
2526
2546
2553
2554
2563
2578
2594
2598
2602
2617
2620
2625
2625
2629
2633
2635
2637
2646
2649
2651
2655
2660
2680
2689
2691
2691
2701
2718
2736
2754
2772
2804
2806
2809
2815
2851
2877
2879
2890
2927
2939
2957
2971
2986
2988
2994
3016
3021
3037
3040
3042
3068
3075
3075
3097
3100
3101
3102
3116
3118
3127
3132
3133
3151
3155
3158
3161
3216
3229
3251
3257
3263
3271
3308
3321
3324
3331
3336
3340
3342
3366
3371
3375
3397
3397
3403
3414
3452
3461
3462
3543
3581
3614
3614
3651
3652
3655
3674
3684
3706
3706
3732
3732
3741
3750
3767
3768
3774
3775
3776
3778
3787
3801
3808
3823
3827
3829
3846
3855
3856
3870
3875
3891
3909
3933
3946
3952
3961
3980
3985
4018
4019
4020
4035
4042
4075
4082
4087
4106
4135
4140
4145
4147
4149
4175
4178
4188
4200
4201
4217
4220
4231
4246
4256
4260
4266
4271
4271
4289
4301
4304
4333
4337
4360
4374
4399
4404
4409
4421
4426
4431
4484
4501
4504
4527
4536
4546
4548
4550
4553
4558
4560
4589
4605
4615
4632
4662
4662
4669
4677
4688
4688
4703
4713
4730
4740
4742
4745
4746
4751
4755
4788
4802
4812
4819
4827
4829
4841
4846
4854
4868
4871
4901
4906
4946
4946
4959
4963
4970
4970
4971
4972
4980
5006
5029
5064
5082
5084
5085
5094
5104
5104
5112
5119
5139
5145
5179
5186
5211
5214
5216
5222
5237
5250
5251
5255
5257
5286
5299
5306
5306
5312
5318
5326
5336
5346
5349
5381
5390
5400
5433
5443
5449
5455
5472
5478
5480
5503
5504
5511
5513
5523
5527
5539
5545
5547
5549
5561
5561
5568
5578
5593
5607
5617
5627
5640
5646
5650
5662
5669
5690
5700
5702
5720
5724
5732
5732
5747
5763
5765
5770
5775
5780
5787
5803
5809
5815
5821
5822
5834
5840
5844
5853
5855
5855
5855
5877
5882
5888
5891
5924
5926
5927
5935
5935
5936
5967
5976
6013
6017
6044
6052
6063
6069
6076
6090
6093
6096
6102
6112
6147
6154
6155
6158
6164
6178
6181
6183
6187
6190
6194
6195
6197
6206
6206
6215
6225
6226
6229
6238
6265
6280
6281
6289
6318
6320
6330
6333
6383
6393
6395
6395
6409
6414
6430
6449
6465
6487
6514
6533
6577
6588
6604
6612
6615
6626
6642
6659
6669
6688
6704
6752
6754
6759
6772
6777
6792
6793
6800
6811
6812
6829
6835
6836
6840
6856
6863
6867
6868
6873
6878
6878
6888
6903
6913
6928
6935
6945
6958
6961
6967
6969
6979
6986
6987
7025
7032
7048
7054
7059
7062
7065
7079
7080
7082
7089
7099
7102
7103
7108
7143
7150
7186
7238
7243
7248
7273
7308
7318
7324
7324
7347
7359
7359
7391
7393
7421
7429
7430
7432
7434
7437
7449
7462
7463
7470
7473
7487
7500
7514
7514
7586
7600
7600
7607
7610
7610
7616
7619
7623
7628
7673
7689
7715
7718
7725
7755
7790
7790
7808
7814
7826
7842
7847
7857
7886
7956
7965
7988
8010
8014
8026
8053
8059
8066
8071
8101
8112
8125
8132
8136
8139
8139
8146
8186
8187
8188
8195
8219
8227
8245
8252
8257
8272
8277
8281
8289
8299
8306
8306
8312
8331
8343
8356
8357
8359
8360
8362
8373
8408
8417
8417
8423
8425
8432
8446
8448
8453
8462
8462
8472
8517
8520
8530
8540
8540
8546
8549
8575
8582
8594
8617
8640
8649
8652
8662
8695
8713
8713
8731
8731
8744
8755
8786
8832
8837
8864
8875
8884
8901
8912
8913
8918
8935
8948
8958
8962
8979
8991
9033
9046
9048
9049
9052
9095
9103
9106
9114
9120
9121
9123
9135
9139
9145
9146
9146
9218
9237
9245
9264
9274
9281
9281
9288
9289
9296
9308
9310
9310
9329
9346
9365
9372
9377
9380
9382
9388
9427
9430
9430
9441
9448
9468
9479
9482
9482
9495
9517
9525
9540
9542
9542
9546
9550
9558
9569
9584
9592
9603
9609
9615
9621
9626
9627
9650
9655
9655
9657
9664
9676
9689
9705
9705
9708
9720
9721
9725
9739
9760
9777
9781
9784
9811
9816
9819
9820
9842
9861
9864
9864
9876
9886
9891
9893
9893
9943
9947
9947
9964
9974