327
446
452
513
755
810
849
850
1059
1102
1303
1402
1593
1636
1671
1740
2131
2187
2241
2459
2482
2524
2574
2748
2749
2749
2802
2860
2914
2952
3144
3302
3340
3402
3479
3698
3714
3724
3971
3977
4316
4421
4535
4701
4849
5110
5178
5263
5271
5327
5352
5537
5575
5577
5598
5677
5774
5789
5987
5989
6160
6186
6284
6309
6500
6590
6866
7211
7270
7295
7405
7639
7722
7730
7741
7781
7782
7833
7896
7954
8037
8366
8397
8402
8542
8620
8627
9125
9127
9179
9254
9358
9402
9451
9463
9480
9624
9653
9715
9738
288
299
452
467
663
756
956
989
1006
1100
1122
1152
1214
1286
1291
1460
1467
1562
1579
1613
1647
1654
1711
1720
1859
1901
1905
1954
1960
1969
2043
2140
2387
2461
2679
2712
2752
2756
2853
3255
3317
3320
3599
3986
4395
4404
4544
4576
4683
4945
5092
5155
5184
5219
5271
5453
5463
5475
5579
5676
5710
5926
5965
6241
6245
6574
6585
6773
7003
7057
7119
7172
7304
7344
7347
7450
7577
7604
7605
7806
7988
8073
8249
8320
8357
8402
8500
8534
8538
8539
8661
9175
9427
9484
9564
9670
9777
9809
9879
9998
284
383
408
427
476
507
588
639
663
817
1243
1245
1380
1402
1459
1546
1557
1576
1588
1606
1608
1835
1848
1979
2005
2058
2107
2309
2346
2410
2456
2614
2615
2698
2721
2942
3240
3374
3395
3496
3730
3743
3922
4042
4044
4104
4113
4143
4241
4440
4536
4805
4851
4949
5026
5044
5161
5273
5306
5338
5349
5374
5422
5562
5585
5695
5761
5873
6003
6105
6261
6338
6419
6700
6932
6967
6986
7220
7371
7969
7982
8088
8089
8136
8331
8377
8385
8662
8708
8750
8781
8939
9035
9055
9185
9399
9474
9708
9759
9875
273
343
356
472
489
506
662
682
734
925
928
1036
1114
1273
1278
1419
1448
1555
1593
1650
1733
1748
1768
1838
1901
1934
1961
1985
2142
2268
2288
2337
2375
2395
2512
2926
2941
2966
3233
3240
3427
3648
3657
3702
3871
3898
4032
4074
4078
4110
4123
4431
4450
4567
4624
4641
4670
4745
4842
4860
4976
5009
5173
5185
5221
5501
5820
5956
6072
6100
6301
6516
6532
6654
6959
6982
7373
7712
7978
8083
8086
8185
8191
8272
8344
8381
8387
8446
8539
8780
8829
8836
8917
8945
8955
9136
9203
9240
9356
9954
266
275
289
545
667
686
821
911
939
943
981
1053
1056
1107
1134
1179
1444
1743
1752
1757
1764
1819
1820
1864
1937
2075
2167
2270
2326
2418
2480
2519
2817
3046
3169
3316
3470
3609
3675
3812
3905
4005
4048
4509
4575
4626
4839
4960
5118
5121
5171
5232
5662
5687
6002
6004
6046
6113
6163
6165
6278
6407
6427
6450
6479
6495
6610
6688
6882
6967
7016
7146
7171
7234
7680
7697
7710
7748
7806
7818
7841
7903
8188
8352
8500
8532
8608
8690
8926
8944
8971
9207
9359
9394
9412
9540
9575
9698
9745
9766
243
291
371
413
667
1149
1195
1344
1620
1653
1908
1963
1974
2067
2080
2102
2199
2269
2737
2827
3014
3050
3057
3111
3278
3293
3501
3575
3577
3583
3634
3723
3729
3791
3797
3806
4160
4196
4199
4329
4409
4472
4620
4632
4682
4701
4716
4762
4781
4804
5075
5077
5111
5120
5218
5416
5439
5595
5604
5661
5870
6010
6083
6225
6339
6678
6699
6767
6819
6919
6971
6983
6991
7021
7251
7291
7294
7536
7555
7602
7616
7685
7689
7894
7915
8010
8070
8169
8178
8680
8827
9007
9016
9086
9141
9396
9399
9640
9737
9846
233
261
294
359
403
498
625
795
809
822
849
878
988
1021
1132
1370
1391
1431
1439
1501
1515
1958
1972
1982
2062
2247
2285
2360
2363
2389
2578
2620
2651
2677
2709
2965
3062
3201
3604
3676
3747
3775
3796
3846
4068
4417
4425
4647
4716
4907
5201
5293
5309
5355
5453
5477
5500
5535
5563
5766
5854
6177
6277
6281
6433
6474
6543
6558
6798
7107
7173
7304
7580
7582
7588
7665
7666
7823
7968
8077
8150
8205
8316
8382
8384
8487
8656
8701
8716
8824
9028
9045
9046
9077
9251
9342
9374
9664
9899
9942
189
208
353
365
455
480
482
509
564
682
707
744
768
787
930
938
1100
1167
1233
1270
1302
1346
1385
1385
1450
1703
1780
1931
2204
2247
2314
2328
2524
2599
2897
3011
3231
3404
3435
3869
4091
4327
4418
4516
4537
4601
4684
4728
4918
5104
5117
5229
5261
5344
5365
5398
5502
5782
5990
6091
6260
6340
6352
6423
6473
6485
6592
6752
6886
6914
6933
7128
7194
7321
7372
7445
7506
7557
7669
7688
7717
7778
7920
7946
7958
8091
8162
8273
8362
8399
8544
8559
8565
8587
9061
9143
9428
9621
9647
9836
184
203
237
449
569
761
772
819
855
1070
1088
1221
1263
1462
1522
1679
1682
1693
1918
2023
2097
2100
2193
2206
2369
2418
2520
2570
2576
2650
2730
2740
2762
2965
3019
3203
3274
3279
3357
3509
3667
3805
3842
4085
4201
4888
5007
5035
5111
5350
5440
5694
5740
5802
5941
6041
6350
6360
6520
6566
6648
6717
6751
6775
6833
6869
6942
7049
7113
7229
7377
7499
7523
7577
7617
7661
7734
7757
7838
8030
8152
8262
8352
8363
8501
8641
8727
8765
8794
8824
8852
8863
8985
9013
9046
9290
9401
9451
9604
9843
184
239
272
346
384
427
651
691
824
852
877
905
1001
1132
1227
1358
1572
1658
1757
1783
1856
1865
1898
2189
2225
2314
2424
2435
2526
2535
2726
2739
2788
3048
3078
3185
3465
3525
3737
3772
4032
4207
4289
4425
4490
4519
4585
4662
4683
4797
4974
5035
5347
5418
5456
5654
5680
5706
5736
5822
5882
5891
6103
6192
6202
6239
6296
6337
6367
6403
6662
6879
6941
6948
7129
7199
7346
7703
7753
7853
7867
7900
7993
8000
8019
8029
8367
8404
8784
8811
8960
9191
9229
9287
9432
9575
9603
9605
9765
9987
175
194
204
341
394
396
433
634
694
702
871
917
960
1030
1195
1252
1314
1522
1567
1780
1781
1811
1823
1863
1922
2098
2278
2321
2332
2347
2464
2507
2570
2635
2660
2663
2917
3012
3129
3425
3654
3689
3691
3723
3771
3808
3823
3907
3980
4059
4084
4117
4253
4297
4403
4417
4565
4769
4791
4810
4825
4843
4993
4996
5034
5317
5628
5648
5931
6079
6095
6220
6343
6356
6519
6601
6672
6860
7056
7108
7142
7248
7364
7379
7412
7518
7580
7854
8017
8075
8251
8321
8599
8660
9117
9133
9199
9542
9697
9700
166
210
211
259
292
308
392
490
514
531
612
777
855
856
932
1159
1519
1736
1761
1837
1863
1914
1962
1989
2020
2260
2290
2350
2413
2672
2933
2959
3000
3082
3155
3224
3269
3317
3544
3739
3749
3865
3884
3965
3972
4081
4272
4410
4460
4619
4742
4843
4882
5031
5132
5153
5240
5646
5652
5689
5706
5815
5842
5957
6077
6387
6413
6449
6480
6754
6785
7251
7325
7390
7791
7801
7913
7920
7948
8229
8245
8289
8478
8528
8546
8619
8657
8773
8953
8987
9123
9150
9198
9253
9400
9536
9632
9775
9903
9957
162
286
466
488
565
567
579
583
664
695
746
824
850
932
947
969
1061
1065
1159
1214
1279
1296
1378
1453
1456
1606
1711
1837
1957
2131
2311
2341
2447
2601
2669
2670
3263
3345
3378
3627
3635
3871
3990
4004
4025
4032
4309
4335
4394
4418
4789
5132
5199
5310
5331
5454
5515
5711
5716
5925
5964
6086
6183
6336
6369
6629
6643
6669
6882
6897
7049
7141
7256
7279
7280
7306
7369
7466
7632
7644
7734
7913
8131
8236
8410
8410
8546
8563
8698
8821
9059
9397
9482
9504
9517
9641
9687
9732
9797
9799
159
192
401
471
474
486
503
625
671
678
759
850
965
1327
1717
1722
1727
1777
1954
1978
2024
2051
2153
2174
2284
2474
2536
2625
2645
2837
3070
3166
3238
3327
3389
3399
3410
3461
3571
3748
3784
3867
4019
4074
4133
4243
4282
4287
4337
4342
4443
4566
4606
4739
4761
4845
4894
4978
5242
5290
5388
5396
5502
5556
6043
6291
6400
6501
6638
6673
6693
6694
6803
6867
6884
7006
7116
7296
7463
7550
7635
7823
7826
8111
8177
8189
8442
8564
8594
8691
8711
8778
8936
8941
8958
9159
9341
9487
9832
9959
154
192
198
242
267
332
454
539
558
634
743
905
968
1021
1114
1131
1269
1291
1415
1638
1658
1904
2016
2091
2176
2418
2451
2529
2641
2680
3068
3405
3468
3524
3616
3640
3717
3731
3904
3918
4338
4348
4448
4545
4601
4610
4684
4737
4771
4776
4862
4967
5029
5218
5325
5385
5550
5552
5627
5666
5716
5884
5933
6133
6137
6609
6782
6790
6879
6880
6976
7140
7280
7293
7340
7437
7515
7535
7616
7631
7643
7706
7738
7751
7779
7988
8180
8616
8745
8813
9105
9138
9272
9284
9459
9475
9528
9553
9700
9714
151
251
306
392
443
497
610
635
808
902
1015
1122
1228
1333
1524
1568
1639
1678
1850
1863
1936
1937
1983
2125
2208
2267
2442
2748
2749
2812
2853
2949
3045
3191
3477
3508
3604
3973
4022
4145
4162
4391
4809
4929
5052
5122
5155
5229
5232
5234
5282
5306
5371
5396
5457
5510
5624
5722
5821
5836
5874
5995
6003
6231
6259
6367
6445
6531
6961
6972
7196
7337
7430
7432
7433
7446
7641
7898
8147
8181
8245
8391
8403
8439
8449
8542
8814
8896
8905
9107
9375
9376
9396
9399
9444
9485
9515
9641
9782
9908
146
155
204
262
265
347
369
501
501
534
558
591
600
828
884
1042
1046
1074
1129
1186
1224
1330
1339
1382
1637
1774
2032
2120
2299
2394
2406
2494
2604
2660
2683
2685
3017
3028
3032
3168
3309
3379
3476
3635
3705
3709
3725
3857
3982
4044
4138
4346
4437
4458
4474
4572
4795
5112
5219
5395
5665
5677
5802
5984
6087
6113
6115
6248
6305
6361
6412
6489
6587
6596
7001
7265
7530
7735
7867
8008
8125
8162
8164
8381
8409
8492
8545
8671
9161
9244
9390
9392
9594
9666
9668
9668
9721
9739
9948
9978
143
198
455
694
827
993
1155
1218
1307
1365
1368
1395
1522
1590
1610
1628
1643
1678
1784
1823
2100
2190
2232
2307
2334
2509
2511
2529
2732
2970
3256
3348
3432
3778
3819
4061
4067
4074
4116
4136
4154
4319
4461
4661
4843
4873
4928
4941
5102
5165
5199
5254
5278
5429
5458
5465
5507
5516
5632
5664
5819
5992
6192
6230
6393
6683
6862
6907
6969
7057
7095
7287
7332
7538
7557
7704
7725
7761
7878
7897
7948
8030
8036
8047
8049
8072
8457
8484
8865
8879
8909
9046
9081
9143
9183
9238
9386
9648
9677
9713
142
144
353
379
386
514
528
568
638
704
762
914
1002
1047
1084
1126
1176
1217
1263
1458
1619
1651
1807
1893
2060
2168
2214
2284
2408
2473
2590
2634
2705
2867
2874
2890
3127
3189
3189
3419
3488
3552
3646
3734
3887
4037
4093
4118
4237
4467
4600
4633
4645
4714
4975
5059
5082
5093
5096
5225
5492
5570
5791
5932
5948
6008
6061
6264
6565
6574
6760
7140
7175
7328
7575
7606
7622
7710
7883
8004
8024
8031
8065
8196
8288
8421
8452
8678
8990
9200
9339
9342
9361
9394
9520
9678
9714
9739
9834
9970
134
168
252
283
325
332
335
364
383
452
778
867
876
1057
1181
1274
1371
1470
1508
1525
1547
1621
1772
1980
2017
2019
2026
2033
2249
2312
2364
2412
2460
2490
2602
2676
2890
2898
3083
3210
3248
3337
3367
3396
3428
3443
3491
3805
3823
3823
4001
4074
4132
4149
4185
4998
5161
5199
5282
5574
5721
5833
5898
6057
6078
6098
6125
6171
6207
6295
6319
6403
6439
6518
7030
7130
7215
7267
7269
7315
7686
7701
7852
7871
8156
8205
8350
8576
8639
8762
8776
8799
9013
9134
9279
9282
9358
9556
9598
9922
132
190
215
220
258
309
484
530
572
613
639
960
971
975
1021
1101
1103
1219
1348
1519
1640
1641
1664
1803
1861
1872
1915
1926
2113
2192
2262
2399
2562
2567
2597
2768
2930
2971
3119
3123
3162
3328
3345
3511
3574
3581
3615
3664
3877
3901
4114
4187
4189
4239
4355
4384
4515
4574
4637
4700
4719
4765
4891
4975
4995
5227
5484
5502
5627
5734
5786
5909
5927
6173
6260
6611
6863
7120
7358
7728
7947
7963
8035
8057
8254
8277
8460
8471
8819
8939
9014
9131
9206
9314
9391
9440
9653
9686
9947
9977
125
221
434
445
503
611
662
737
743
786
899
931
957
1074
1129
1207
1223
1257
1334
1371
1493
1677
1719
1755
1772
1791
1874
1964
2046
2300
2305
2337
2470
2497
2556
2589
2613
2683
2722
2841
3189
3466
3544
3667
3681
3732
3749
3794
4101
4141
4524
4627
4863
4898
5209
5217
5298
5381
5381
5451
5902
6049
6170
6180
6189
6372
6487
6556
6598
6730
6761
6769
6789
6819
6989
6992
7086
7338
7550
7736
7806
7862
7984
8003
8187
8196
8298
8394
8510
8573
8730
8751
9037
9101
9212
9230
9576
9661
9675
9825
117
122
123
131
151
217
224
260
267
412
436
500
751
789
1146
1335
1451
1712
1762
1794
2015
2086
2093
2104
2124
2156
2315
2412
2491
2538
2559
2630
2644
2684
2757
3115
3706
3750
3794
3800
3859
3875
3970
4103
4208
4314
4521
4651
4672
4827
4862
5105
5278
5415
5459
5754
5815
5857
5876
5895
6029
6172
6233
6654
6686
6797
6834
6902
7019
7072
7477
7611
7627
7676
7684
7824
7986
7997
8034
8165
8230
8275
8334
8425
8602
8626
8647
8652
8663
8718
8838
8863
8896
8914
9002
9171
9244
9477
9741
9806
116
298
415
482
483
660
729
765
768
886
900
904
921
935
1051
1150
1157
1176
1365
1498
1579
1616
1673
1764
1775
2011
2043
2098
2135
2177
2211
2357
2502
2578
2599
2663
2785
2941
2988
3221
3261
4027
4220
4335
4476
4547
4552
4785
4845
4884
4897
4949
5250
5323
5445
5472
5509
5681
5689
6048
6097
6370
6484
6531
6558
6676
6865
7084
7102
7163
7202
7204
7305
7376
7388
7601
7820
7850
8014
8150
8187
8195
8244
8277
8293
8695
8851
8924
8933
9073
9236
9286
9287
9316
9364
9366
9523
9675
9773
9948
114
235
375
396
495
674
757
768
788
807
815
885
1199
1263
1380
1569
1632
1644
1687
1741
1747
2002
2060
2135
2162
2250
2354
2440
2628
2663
2798
2820
2852
3008
3193
3287
3549
3754
3777
3983
4021
4083
4094
4159
4196
4227
4246
4275
4320
4423
4506
4580
4630
4638
4681
4821
4932
4946
5063
5065
5085
5168
5318
5342
5415
5713
5792
6101
6364
6498
6904
7059
7251
7356
7376
7406
7450
7610
7957
7997
8172
8177
8334
8341
8390
8405
8485
8624
8661
8663
8763
8896
9054
9070
9217
9326
9402
9656
9702
9809
107
127
135
151
165
370
496
609
642
772
919
927
987
989
1066
1090
1455
1724
1777
1787
1880
1884
1912
1951
2081
2082
2136
2158
2310
2486
2574
2595
2642
2738
2794
2864
3304
3444
3498
3677
3745
3757
3823
4029
4030
4166
4253
4334
4348
4502
4691
4944
5051
5074
5078
5159
5368
5417
5430
5604
5752
5838
5883
5919
5965
6019
6051
6077
6096
6199
6256
6682
6728
6839
6891
6899
7011
7106
7261
7812
7860
8040
8092
8247
8268
8451
8561
8568
8580
8638
8647
9074
9421
9484
9728
9731
9745
9824
9850
9986
106
134
250
254
369
407
412
630
666
979
1023
1053
1236
1305
1408
1817
1847
1857
1864
1926
1942
2051
2165
2176
2298
2493
2627
2681
2687
2837
2950
2989
3209
3224
3241
3243
3376
3513
3529
3562
3740
3837
3877
4141
4317
4407
4467
4474
4529
4547
4782
4846
4930
4954
5051
5221
5705
5766
5780
5825
5886
5892
6258
6275
6323
6520
6673
6691
6754
6818
6832
6901
6973
7055
7059
7165
7339
7455
7549
7698
7758
7785
8106
8153
8218
8524
8623
8674
8826
8874
9141
9198
9208
9290
9449
9469
9673
9803
9880
9891
103
162
196
383
401
460
487
531
636
1081
1119
1250
1285
1307
1352
1426
1440
1462
1482
1514
1562
1610
1720
1779
1802
1849
1923
2389
2692
2844
2868
2897
2963
3015
3420
3507
3523
3879
3937
4150
4741
4917
4964
5041
5079
5121
5160
5269
5303
5379
5424
5464
5514
5544
5576
5597
5715
5721
5756
5849
6100
6383
6432
6453
6782
6856
6897
6929
6938
6971
6979
7114
7510
7577
7726
7814
7830
7897
7916
7917
7920
8077
8305
8315
8372
8376
8381
8502
8699
9032
9120
9207
9325
9334
9345
9440
9524
9690
9787
9836
100
441
835
988
1008
1134
1356
1398
1573
1574
1720
1771
1925
1962
2009
2098
2100
2167
2285
2337
2449
2477
2523
2538
2544
2598
2649
2781
2796
2807
2859
3124
3319
3330
3496
3496
3520
3611
3877
4278
4343
4405
4508
4517
4586
4818
4858
5145
5207
5395
5495
5521
5562
5573
5701
5986
6033
6059
6074
6270
6277
6328
6356
6392
6441
6565
6651
6686
7402
7470
7505
7674
7793
7867
7995
8072
8090
8137
8185
8195
8205
8266
8330
8377
8508
8528
8568
8635
8723
8975
8993
9045
9105
9171
9199
9548
9566
9624
9823
9952
97
512
585
604
623
669
751
913
972
1070
1096
1187
1304
1322
1329
1367
1453
1527
1703
1794
1912
2164
2248
2277
2447
2525
2602
2612
2851
2971
3120
3250
3261
3307
3360
3378
3400
3507
3632
3763
3857
3917
3930
3962
3998
4170
4244
4520
4691
4764
4822
4866
4874
5127
5423
5456
5528
5541
5856
5936
6194
6195
6399
6468
6601
6835
6942
7023
7139
7144
7566
7645
7757
7795
7828
7967
8004
8049
8068
8103
8348
8403
8553
8636
8650
8691
8713
8806
8822
8882
9057
9079
9144
9196
9309
9443
9517
9550
9566
9830
97
137
187
251
256
360
476
694
738
961
1081
1263
1268
1290
1503
1517
1776
1824
1880
1937
1989
1992
2083
2218
2224
2287
2300
2355
2681
2855
2993
3064
3126
3135
3183
3232
3242
3353
3379
3678
3749
3840
3949
3998
4094
4418
4420
4444
4498
4514
4625
4663
4663
4688
4734
4836
4861
4883
5057
5245
5268
5292
5398
5766
5767
5788
5888
6086
6204
6230
6407
6454
6511
6840
6849
6987
7094
7116
7212
7697
7803
7886
8117
8170
8387
8388
8411
8455
8583
8586
8657
8678
8740
8827
8911
9034
9181
9456
9650
9838
96
130
194
417
621
721
848
959
1002
1140
1201
1243
1278
1306
1319
1329
1343
1474
1671
1691
1726
1887
1970
2009
2044
2074
2236
2246
2253
2330
2410
2413
2465
2466
2569
2675
2699
2755
2815
2838
2906
2931
2978
3002
3096
3361
3369
3388
3414
3619
4242
4283
4372
4398
4598
4623
4965
5016
5050
5172
5411
5478
5491
5542
5630
5871
6020
6158
6221
6284
6306
6586
6620
6627
6713
6834
7194
7304
7322
7639
7768
7781
7783
7878
7993
8166
8249
8477
8500
8607
8911
9033
9062
9063
9204
9297
9302
9619
9830
9939
95
278
314
397
423
452
499
507
550
621
741
906
909
912
914
1169
1233
1298
1319
1328
1368
1420
1528
1615
1794
1835
1906
2021
2046
2163
2284
2345
2374
2434
2555
2654
2962
2977
3192
3240
3273
3413
3496
3562
3736
3970
3987
4331
4353
4512
4524
4602
4632
4787
4834
4879
4939
5388
5541
5605
5819
5924
5984
6042
6078
6172
6208
6337
6450
6493
6553
6567
6610
6770
6968
7012
7017
7087
7126
7244
7679
7705
7978
8214
8235
8248
8569
8581
8644
8933
8970
9044
9099
9320
9356
9377
9454
9573
9792
9799
94
109
147
180
252
259
316
400
503
512
532
547
681
705
726
835
857
1031
1105
1152
1169
1173
1184
1212
1245
1265
1284
1337
1623
1664
1886
1991
1998
2050
2067
2168
2179
2188
2307
2311
2322
2618
2884
3124
3125
3180
3270
3504
3632
3823
3964
4045
4300
4641
4736
4834
4987
5200
5260
5367
5408
5453
5479
5508
5539
5671
5789
5923
5941
6017
6033
6109
6194
6212
6274
6587
6591
6678
6768
6841
6861
6993
7458
7571
7744
7916
8224
8475
8525
8789
8789
8977
9001
9102
9204
9300
9321
9333
9659
9722
93
111
211
246
293
348
390
463
594
617
655
873
875
899
1014
1059
1340
1363
1446
1577
1755
1814
1905
1931
2004
2010
2060
2218
2336
2540
2565
2611
2665
2743
2795
2857
2969
3009
3144
3172
3298
3352
3827
3860
3864
3871
4179
4338
4402
4446
4486
4641
4959
4966
5496
5523
5601
5641
5664
5728
5740
5765
5800
5882
5947
6057
6326
6493
6670
6681
6758
6987
7004
7007
7333
7376
7388
7394
7452
7798
7944
7963
8045
8137
8140
8172
8182
8357
8462
8651
8811
8816
8843
8897
9009
9066
9073
9348
9389
9525
92
117
158
203
245
395
535
698
804
896
931
938
1022
1029
1172
1224
1315
1327
1451
1549
1582
1617
1802
1900
2062
2164
2170
2192
2215
2220
2240
2587
2855
2867
3064
3162
3235
3323
3751
3808
3895
3934
3983
4074
4509
4715
4845
4977
4988
5316
5557
5616
5719
5911
5929
5980
6062
6176
6239
6409
6420
6482
6697
6716
6886
7093
7121
7161
7193
7279
7340
7358
7360
7597
7638
7658
7674
7681
7725
7911
7964
8424
8521
8639
8657
8768
8779
8783
8805
8809
8942
9096
9130
9192
9314
9468
9620
9785
9876
9949
91
144
146
268
485
499
505
581
705
710
847
866
931
937
974
1088
1134
1159
1203
1231
1236
1241
1252
1521
1525
1556
1579
1670
1716
1776
1842
1850
1933
2162
2219
2220
2251
2392
2443
2480
2762
2892
2969
3214
3326
3524
3528
3638
4365
4430
4578
4775
4777
4904
4953
4965
4969
5174
5205
5218
5233
5283
5346
5739
5742
6255
6368
6529
6566
6597
6603
6708
6740
6854
6965
6967
7010
7370
7748
7805
7829
7908
7955
8114
8162
8202
8240
8352
8631
8801
8823
8832
9132
9160
9489
9680
9692
9872
9911
9936
85
368
371
385
582
843
875
999
1253
1259
1351
1395
1630
1668
1740
1759
1806
1887
1909
1982
1985
2106
2110
2111
2122
2130
2136
2248
2309
2463
2499
2554
2769
3123
3191
3336
3664
3672
3730
3935
4016
4035
4142
4146
4188
4523
4582
4754
4756
4823
4849
4857
4896
5035
5044
5233
5397
5539
5672
5763
5820
5872
5989
5997
6076
6151
6383
6444
6447
6488
6963
6973
7058
7187
7241
7279
7568
7687
7933
7983
8003
8090
8209
8279
8340
8560
8694
8717
8806
9012
9128
9167
9211
9391
9534
9543
9607
9613
9661
9664
82
91
171
191
242
332
355
462
469
538
553
566
674
818
894
989
1015
1149
1209
1438
1487
1499
1516
1527
1716
1760
1790
1981
2058
2074
2130
2422
2439
2455
2513
2515
2824
2926
3021
3030
3172
3181
3281
3643
3869
3870
3932
3964
4032
4183
4285
4490
4532
4563
4691
4897
4956
5128
5160
5241
5532
5593
5636
5643
5672
5835
5925
6262
6339
6724
6900
7158
7243
7340
7428
7492
7553
7556
7611
7639
7696
8122
8199
8247
8663
8809
8876
8893
9003
9154
9230
9238
9240
9346
9369
9401
9425
9435
9723
9832
81
254
268
279
280
444
446
458
617
686
799
803
828
932
973
997
1093
1124
1194
1277
1298
1520
1572
1811
1844
2124
2350
2580
2753
2815
2846
2851
2963
2971
2980
3047
3273
3312
3347
3365
3449
3696
3763
3821
3877
3924
4068
4076
4090
4218
4443
4583
4598
4690
4943
4950
5073
5161
5262
5268
5419
5509
5622
5665
5860
5949
6082
6300
6376
6377
6621
6638
6655
6794
7099
7122
7234
7238
7242
7461
7742
7871
7905
8022
8055
8058
8161
8213
8424
8468
8518
8521
8915
9167
9286
9515
9761
9768
9825
9841
81
85
240
308
347
454
511
583
694
696
703
840
1048
1256
1283
1432
1561
1835
1837
1885
1954
1966
2019
2063
2152
2230
2346
2370
2448
2653
2769
2793
2835
2837
3006
3108
3139
3294
3400
3478
3671
3975
4089
4377
4378
4392
4505
4560
4618
4866
4873
4938
5154
5169
5289
5355
5403
5520
5535
5558
5744
6083
6204
6277
6415
6528
6534
6729
6777
6823
6956
7017
7168
7440
7440
7582
7719
7772
7809
7810
7817
7921
8001
8010
8184
8293
8594
8629
8670
8725
8791
8841
8872
8893
9248
9334
9456
9626
9858
9910
80
251
269
363
388
428
682
816
920
1028
1118
1176
1237
1320
1555
1660
1665
1711
1722
1809
1838
1946
1947
1973
2002
2077
2184
2245
2246
2374
2376
2617
2666
2944
2984
3224
3512
3522
3545
3664
3818
3868
3974
4136
4399
4496
4497
4534
4669
4685
4706
4709
5030
5161
5304
5320
5332
5631
5661
5765
6023
6029
6108
6154
6229
6245
6269
6340
6369
6466
6721
6776
6917
6949
6962
7116
7150
7201
7228
7544
7555
7732
7741
7777
7905
7941
8008
8045
8075
8076
8152
8349
8354
8394
8483
8931
8941
9159
9248
9261
77
209
210
222
236
255
278
486
526
637
711
777
915
1127
1501
1555
1665
1678
1705
1722
1723
1742
1879
1904
2158
2218
2250
2335
2525
2647
2666
2768
2778
2852
2865
3069
3291
3293
3467
3515
3584
3640
3724
3734
3835
3867
3942
4019
4080
4182
4327
4350
4403
4462
4482
4547
4578
4700
5040
5074
5226
5397
5508
5648
5702
5755
5756
6114
6138
6167
6189
6214
6217
6378
6559
6581
6692
7115
7511
7538
7584
7693
7740
7969
8015
8162
8346
8393
8573
8686
8692
8712
8720
8802
8984
9049
9181
9346
9702
9856
76
181
249
335
433
498
557
580
589
600
642
747
825
876
914
1025
1076
1462
1530
1535
1577
1667
1676
1863
1865
1917
1972
2102
2568
2631
2704
2713
2822
3028
3050
3077
3169
3293
3323
3328
3528
3562
3708
3828
3836
3902
3920
4375
4426
4530
4589
4629
4844
5083
5188
5261
5313
5496
5897
6103
6191
6233
6244
6300
6320
6403
6486
6528
6649
6684
6709
6972
7053
7075
7270
7452
7542
7611
7640
7931
7992
7994
8166
8173
8177
8270
8275
8443
8527
8555
8591
8754
8933
9374
9458
9792
9863
9876
9931
9955
75
93
139
206
263
361
466
556
742
772
869
939
987
1017
1173
1193
1204
1218
1319
1320
1330
1409
1521
1664
1816
1986
2029
2067
2125
2129
2217
2221
2248
2287
2364
2387
2454
2624
2675
2686
2811
2885
2905
3150
3259
3278
3328
3419
3603
3763
3782
3887
4187
4226
4283
4438
4666
4675
4700
4761
4789
4826
4841
4858
4863
4868
5133
5189
5290
5303
5397
5563
5728
5868
5909
6085
6402
6487
6501
6655
6945
7184
7232
7407
7438
7499
7673
7785
8104
8152
8388
8509
8543
8588
8945
8977
9108
9358
9814
9862
74
129
505
708
781
991
1121
1129
1134
1143
1165
1201
1303
1303
1325
1393
1467
1764
1907
1957
2006
2050
2214
2253
2395
2436
2474
2496
2663
2688
2692
2740
2829
3191
3231
3247
3328
3358
3384
3456
3483
3560
3617
3649
3730
3825
4082
4200
4333
4363
4382
4467
4515
4555
4597
4652
4731
4735
4820
4949
5231
5307
5312
5322
5425
5641
5676
5692
5707
5831
5834
5935
6201
6251
6341
6346
6349
6375
6450
6564
6941
7148
7330
7820
7907
7907
8306
8455
8460
8502
8768
8784
8789
8831
8896
9060
9282
9308
9350
9762
73
223
451
487
516
532
854
924
982
999
1049
1066
1158
1207
1223
1246
1296
1351
1446
1513
1528
1566
1679
1730
1786
1976
2007
2046
2156
2164
2239
2261
2313
2345
2384
2424
2436
2439
2473
2541
2569
2578
2720
2720
2792
2860
2963
3111
3307
3343
3369
3415
3449
3577
3629
3717
4119
4287
4391
4395
4396
4401
4421
4544
4570
4713
4750
4771
5122
5342
5352
5468
5816
6180
6266
6281
6421
6812
7069
7204
7332
7482
7523
7649
7733
7791
7791
8028
8326
8329
8353
8529
8754
9245
9389
9579
9788
9928
9954
9974
72
83
129
389
507
511
571
573
627
632
663
772
824
840
869
891
948
974
992
1025
1097
1299
1329
1331
1426
1438
1571
1644
2026
2052
2072
2116
2290
2348
2484
2545
2606
2642
2667
2697
2707
2755
3010
3079
3229
3232
3338
3449
3565
3761
4349
4519
4695
4743
4767
4911
5050
5093
5180
5440
5441
5444
5501
5586
5701
5896
5946
6085
6115
6186
6231
6369
6420
6467
6523
6525
6576
6654
6866
7174
7430
7629
7801
7895
7919
7969
8078
8159
8193
8416
8466
8513
9075
9241
9299
9309
9341
9621
9736
9907
71
98
278
326
453
508
509
540
541
579
826
845
846
863
1055
1060
1153
1232
1264
1439
1497
1501
1612
1638
1673
1675
1734
1777
1782
1819
1880
1885
2061
2270
2298
2398
2414
2449
2685
2839
3307
3386
3471
3472
3564
3588
3594
3691
3836
3913
3930
4027
4072
4091
4196
4277
4291
4707
4940
4991
5099
5364
5558
5692
5697
5741
5748
5875
6000
6219
6381
6615
6680
6721
6836
6996
7323
7339
7404
7439
7442
7796
7839
8033
8307
8368
8439
8514
8536
8609
8675
8734
8900
9070
9237
9458
9683
9689
9738
9819
71
120
220
317
377
400
548
685
1046
1116
1282
1282
1305
1415
1422
1480
1510
1649
1667
1716
1780
1912
1991
2042
2200
2391
2410
2550
2628
2659
2688
2702
2800
2843
2882
2936
3032
3184
3244
3247
3286
3336
3370
3439
3672
3882
3903
3932
4183
4591
4727
4749
4778
4797
4929
5302
5338
5430
5656
5744
5745
5909
5910
5986
6040
6161
6228
6342
6551
6565
6768
6768
6831
7297
7366
7384
7428
7487
7502
7683
7716
7811
8047
8234
8453
8630
8885
8899
9042
9074
9100
9208
9261
9277
9328
9391
9476
9477
9626
9757
68
194
200
242
323
339
351
422
659
684
832
859
950
1247
1409
1429
1505
1576
1642
1904
1905
1977
2008
2056
2081
2091
2197
2205
2315
2341
2402
2403
2420
2424
3068
3069
3130
3202
3252
3286
3340
3417
3471
3635
3647
3882
3935
4037
4104
4114
4137
4454
4662
4878
4957
5024
5058
5136
5188
5234
5264
5279
5339
5345
5602
5605
5672
5699
5712
5884
6013
6266
6380
6470
6742
6863
6898
7118
7491
7508
7588
7593
7774
7862
7879
7995
8278
8299
8346
8378
8414
8487
8577
8613
8889
8963
9256
9262
9412
9554
68
314
336
356
380
395
441
506
519
638
689
742
804
807
953
1017
1039
1072
1176
1259
1535
1579
1589
1739
1751
1843
2026
2148
2402
2605
2634
2833
2943
3041
3170
3178
3250
3277
3397
3529
3650
3703
3725
3947
4052
4170
4327
4369
4509
4537
4590
4811
4980
5009
5043
5239
5278
5441
5455
5476
5536
5718
5770
6068
6187
6277
6446
6638
6788
6824
6880
6957
7117
7162
7207
7215
7321
7572
7679
7784
8013
8035
8037
8207
8350
8449
8719
8766
8848
8948
9038
9083
9220
9252
9369
9408
9514
9595
9723
9915
66
69
227
256
361
367
413
413
435
436
481
656
663
797
837
894
954
983
1010
1167
1194
1310
1408
1517
1525
1566
1585
1642
1735
1884
1929
1997
2132
2203
2343
2355
2406
2422
2537
2586
2632
2637
2711
2761
2781
2811
2976
3174
3183
3423
3469
3526
3571
3615
3617
3907
3931
4120
4495
4511
4715
4915
5482
5554
5589
5620
5713
5839
5948
6070
6071
6101
6134
6148
6200
6244
6530
6756
6890
6912
7354
7357
7480
7709
7940
8345
8489
8538
8539
8613
8688
9162
9269
9292
9379
9403
9496
9583
9657
9956
64
100
151
157
202
293
381
393
462
508
509
523
553
584
665
726
771
866
935
955
960
1091
1117
1220
1298
1377
1480
1502
1796
1819
1845
1880
1892
2018
2036
2182
2306
2328
2383
2547
2556
2597
2607
2836
2968
3019
3086
3476
3527
3597
3603
3647
3666
3726
3871
4145
4752
4803
5022
5029
5104
5330
5334
5462
5663
5716
5998
6017
6136
6232
6495
6513
6540
6643
6835
7062
7129
7240
7474
7579
7605
7684
8096
8315
8394
8629
8738
8769
8831
8978
9340
9402
9514
9563
9615
9779
9831
9874
9905
9977
63
96
197
232
234
347
453
461
514
675
790
849
873
883
1064
1129
1308
1334
1357
1380
1470
1570
1631
1672
1704
1709
1847
2189
2220
2313
2496
2719
2833
3015
3019
3216
3226
3591
3624
3977
4053
4065
4201
4205
4474
4705
4712
4728
4764
4868
4939
5069
5129
5176
5285
5301
5353
5473
5518
5931
5988
6250
6485
6504
6525
6525
6559
6564
6677
6693
6704
6782
7074
7145
7359
7414
7494
7555
7662
7692
7705
7931
7968
8335
8471
8497
8557
8594
8738
8811
8886
8937
8994
9029
9220
9431
9538
9735
9952
9977
61
181
187
244
633
805
884
946
980
1028
1087
1158
1211
1238
1365
1401
1416
1460
1642
1655
1879
1880
1987
2060
2079
2094
2208
2245
2351
2371
2448
2469
2512
2518
2680
2787
3039
3087
3140
3164
3351
3633
3672
3844
3853
3987
4011
4035
4106
4174
4318
4402
4494
4531
4563
4632
4689
4692
4844
4922
5094
5144
5268
5345
5451
5508
5722
6065
6153
6329
6379
6471
6480
6496
6534
6637
6839
7081
7162
7204
7304
7319
7403
7473
7479
7759
7777
7982
8039
8502
8826
8853
8923
9157
9164
9317
9612
9677
9736
9905
60
79
115
203
462
514
573
615
632
666
681
695
723
872
885
1004
1063
1150
1174
1293
1402
1459
1569
1587
1612
1621
1642
1659
1715
1717
1739
1771
1828
1845
1908
2073
2151
2245
2354
2378
2433
2464
2476
2481
2530
2724
2846
2898
2908
3037
3132
3315
3612
3820
3927
4143
4400
4660
4765
4806
4937
4962
5033
5316
5357
5358
5406
5640
5785
5868
6174
6568
6616
6716
6865
6924
6994
7023
7355
7505
7576
7649
7884
8041
8049
8245
8380
8424
8490
8628
8783
8848
8999
9164
9190
9324
9455
9570
9585
9962
60
255
388
605
694
724
761
778
789
801
828
991
1146
1184
1238
1257
1298
1420
1501
1551
1593
1647
1750
1760
1875
1899
1914
1997
2043
2048
2310
2344
2382
2515
2533
2587
2635
2784
2809
2847
2864
2877
3173
3416
3431
3458
3852
3924
4108
4392
4503
4759
4779
4807
4812
5061
5095
5515
5595
5697
5859
6014
6034
6231
6277
6286
6376
6631
6952
6966
7114
7587
7738
7817
7897
7931
7957
8249
8271
8289
8512
8556
8606
8690
8741
8878
8899
8961
8961
8963
9038
9081
9175
9247
9342
9385
9471
9548
9630
9804
56
90
92
290
412
450
531
577
589
782
953
1002
1011
1181
1290
1321
1449
1557
1662
1684
1714
1956
2091
2100
2174
2291
2424
2522
2564
2594
2644
2646
2727
2943
3128
3243
3256
3295
3494
3523
3586
3612
3863
3894
3954
3978
4065
4479
4608
4685
4694
4746
4797
4804
4836
5163
5185
5361
5370
5403
5710
5800
6085
6244
6419
6475
6564
6590
6715
6752
6756
6767
6989
7201
7233
7414
7536
7605
7791
8279
8374
8473
8473
8547
8577
8664
8683
8800
9200
9264
9292
9519
9533
9630
9700
9764
9791
9818
9899
9918
56
307
370
404
504
525
563
886
891
953
954
1005
1045
1137
1164
1195
1314
1354
1355
1405
1415
1475
1525
1611
1622
1629
1672
1740
1806
1937
1948
2020
2020
2542
2603
2813
2850
2947
3153
3178
3208
3251
3495
3637
3780
3809
4059
4163
4181
4236
4244
4452
4477
4514
4552
4778
4782
5089
5256
5468
5509
5657
5818
5873
5965
6039
6126
6245
6361
7093
7506
7592
7644
7676
7707
7839
8120
8148
8199
8207
8280
8345
8436
8452
8635
8654
8772
8778
8934
9000
9160
9254
9292
9448
9597
9747
9843
9922
9929
9947
51
59
256
298
302
308
362
393
555
633
750
766
857
912
936
947
1015
1110
1217
1240
1336
1433
1464
1489
1554
1704
1716
1729
2056
2073
2234
2260
2305
2322
2349
2352
2491
2527
2633
2654
2690
2697
2774
2907
3215
3231
3348
3498
3499
3717
3814
3821
3854
3999
4018
4074
4172
4507
4600
4777
4925
4946
5247
5272
5357
5596
5606
5679
5725
5904
6290
6312
6427
6454
6571
6913
6920
7025
7066
7118
7268
7366
7850
7960
8007
8027
8129
8220
8585
8588
8657
8666
8796
8799
8867
8936
9189
9668
9829
9964
50
50
217
283
369
387
471
615
682
709
1005
1128
1235
1344
1630
1657
1739
1759
1950
2065
2129
2357
2425
2516
2521
2529
2559
2608
2627
2699
2711
2752
2868
2936
2945
3315
3351
3366
3492
3527
3564
3737
3824
3983
4129
4280
4359
4498
4533
4539
4621
4710
4747
4766
4891
5021
5207
5266
5323
5357
5456
5521
5545
5552
5623
5713
5767
5849
5860
6105
6158
6199
6284
6588
6933
7146
7170
7266
7284
7309
7371
7565
7733
7772
7962
7990
8270
8296
8371
8584
8613
8683
8704
8879
8919
9402
9405
9437
9438
9438
50
112
124
145
467
521
567
615
682
708
775
862
980
984
1113
1115
1175
1299
1353
1427
1450
1570
1575
1619
1668
1782
1828
1894
2201
2205
2347
2448
2448
2494
2507
2783
2957
2984
2998
3057
3390
3493
3540
3676
3701
3840
3865
3945
3970
4249
4355
4456
4673
4682
4683
4770
4782
4900
5020
5211
5510
5530
5575
5824
5861
5869
5887
5974
6008
6162
6170
6226
6278
6488
6717
6845
6998
7111
7182
7275
7354
7435
7792
7902
8056
8174
8190
8587
8616
9040
9081
9263
9390
9391
9418
9571
9671
9753
9879
9923
49
135
212
276
288
295
439
445
695
700
722
770
843
886
899
965
1005
1007
1064
1156
1183
1237
1240
1262
1392
1410
1481
1724
1826
1857
2011
2296
2356
2408
2453
2863
2891
2929
2933
3081
3094
3123
3172
3523
3731
3761
3872
3901
3949
4179
4256
4349
4510
4544
4553
4652
4742
5139
5166
5401
5414
5582
5869
6101
6301
6472
6537
6797
6911
6951
7208
7335
7388
7402
7509
7575
7578
7732
7784
7936
8042
8178
8251
8450
8537
8556
8698
8869
8902
8957
8995
9008
9310
9425
9608
9649
9791
9817
9927
9986
47
258
431
475
517
832
835
1088
1097
1106
1156
1243
1300
1427
1446
1516
1635
1834
1838
1849
2079
2121
2145
2158
2175
2195
2207
2224
2240
2517
2528
2678
2686
2741
2873
2999
3099
3173
3176
3247
3251
3278
3386
3417
3446
3448
3455
3810
4059
4199
4448
4651
4753
4774
4843
5027
5139
5227
5259
5319
5527
5531
6053
6290
6312
6499
6511
6698
6874
6949
6982
7188
7417
7637
7762
7862
7941
8017
8175
8219
8227
8255
8362
8588
8621
8687
8849
8923
8959
8984
9250
9285
9348
9449
9456
9478
9579
9677
9683
9798
44
79
84
147
279
361
514
531
558
628
766
855
901
935
1043
1147
1291
1304
1325
1336
1371
1391
1522
1625
1959
1982
2206
2319
2356
2672
2821
3125
3136
3174
3226
3468
3743
3769
3784
4009
4014
4051
4092
4223
4224
4258
4308
4424
4762
4813
4932
5127
5230
5260
5288
5467
5495
5580
5897
6024
6098
6298
6307
6308
6373
6761
6804
6842
6861
6954
7196
7207
7267
7328
7478
7779
7803
7860
7901
8088
8186
8192
8202
8261
8278
8278
8386
8703
8875
9002
9013
9049
9054
9263
9317
9408
9601
9783
9914
9942
44
96
102
131
203
415
469
529
574
616
716
750
876
974
1007
1056
1235
1305
1322
1322
1496
1702
1713
1856
2083
2373
2415
2462
2484
2496
2505
2535
2554
2650
2742
2771
2821
2915
3118
3123
3129
3285
3344
3412
3415
3559
3753
4120
4184
4267
4565
4603
4682
4702
4810
4849
4955
5200
5346
5351
5494
5668
5885
6085
6154
6159
6164
6286
6360
6444
6580
6731
6774
6783
6994
7073
7201
7689
7711
7718
7800
7892
7961
8079
8086
8222
8397
8539
8682
8756
8827
8838
8844
9023
9384
9487
9562
9724
9740
9920
44
132
211
215
285
360
478
515
614
706
758
879
890
995
1038
1158
1160
1263
1364
1512
1520
1537
1588
1612
1651
1686
1726
1867
1886
2002
2030
2122
2143
2228
2229
2271
2370
2388
2434
2479
2545
2681
2745
2939
3126
3160
3178
3231
3329
3418
3487
3598
3828
3918
4341
4356
4439
4623
4674
4713
4793
4953
5142
5553
5562
5598
5774
5885
6261
6301
6321
6503
6667
6807
6840
6900
7061
7081
7206
7211
7324
7360
7463
7577
7619
7710
7794
7837
7864
8513
8531
8553
8706
8734
8807
9087
9292
9556
9628
9744
43
46
90
105
165
230
392
406
420
486
572
690
719
796
920
1024
1073
1123
1307
1461
1776
1898
1960
2053
2086
2362
2447
2470
2517
2576
2610
2746
3139
3253
3257
3285
3313
3606
3632
3932
4001
4084
4138
4317
4438
4442
4447
4585
4784
4794
4803
5025
5338
5383
5434
5485
5553
5663
5783
5791
5860
5937
5942
5966
6040
6097
6212
6280
6301
6339
6521
6524
6662
6724
6783
6845
6909
7116
7288
7294
7306
7724
7770
8120
8321
8336
8624
8720
8809
8827
8910
9242
9282
9401
9498
9645
9657
9829
9843
9923
41
89
93
128
222
300
317
351
358
364
413
416
433
478
646
690
957
964
972
1022
1022
1234
1306
1341
1556
1587
1622
1629
1688
1949
2004
2059
2074
2093
2502
2585
2626
2635
2675
2765
2801
3127
3399
3463
3605
3979
4210
4386
4441
4510
4570
4809
4924
5001
5027
5056
5085
5233
5251
5296
5369
5521
5565
5588
5737
6011
6024
6149
6224
6288
6381
6388
6585
6638
6784
6861
6873
6891
6979
7030
7134
7167
7207
7255
7330
7394
8114
8159
8203
8458
8530
8588
8783
8892
8917
8962
8967
9031
9209
9726
40
114
142
329
568
591
605
705
792
822
870
1162
1181
1186
1316
1376
1378
1412
1471
1597
1620
1648
1674
1704
1921
2065
2130
2218
2296
2362
2381
2541
2715
2935
3037
3123
3132
3336
3353
3719
3748
3996
4018
4043
4116
4118
4398
4410
4415
4583
4638
4660
4692
4703
4755
4807
4865
5118
5151
5282
5606
5643
5820
5829
5846
5936
5965
6052
6119
6226
6310
6338
6451
6596
6877
6884
6961
6993
7199
7211
7275
7334
7487
8117
8153
8231
8404
8477
8585
8598
8826
9035
9103
9132
9165
9290
9366
9467
9695
9714
39
143
195
317
342
380
480
582
582
759
898
1061
1095
1186
1452
1581
1609
1809
1902
2004
2155
2164
2289
2312
2573
2662
2671
2716
2733
2898
2940
2976
2983
3004
3188
3333
3424
3573
3707
3746
3751
3766
3926
4012
4060
4272
4376
4569
4733
4754
4847
4857
4909
4909
5094
5375
5384
5479
5493
5596
5716
5790
5916
6144
6326
6329
6354
6378
6436
6524
6697
6792
7005
7107
7173
7234
7245
7322
7506
7550
7593
7605
8041
8246
8283
8302
8376
8385
8498
8589
8761
8763
9130
9155
9540
9710
9752
9851
9897
9910
39
99
100
140
155
179
183
360
402
406
451
537
590
656
680
1115
1146
1254
1308
1401
1490
1589
1629
1683
1785
1867
1941
1942
1984
2029
2141
2570
2949
3006
3223
3466
3595
3774
3950
4002
4056
4203
4340
4401
4411
4574
4662
4696
4724
4776
4782
4850
5253
5374
5379
5427
5529
5607
5629
5730
5990
6019
6021
6188
6409
6418
6420
6686
6862
6978
7011
7420
7563
7629
7633
7723
7827
7943
8008
8039
8072
8103
8114
8117
8309
8346
8873
8924
9023
9048
9094
9315
9359
9395
9413
9439
9453
9815
9888
9947
38
129
226
261
316
422
424
439
542
659
735
783
894
1015
1121
1277
1465
1512
1568
1765
1860
1894
1902
2033
2054
2116
2142
2146
2177
2206
2274
2417
2457
2473
2545
2640
2720
2794
2848
2872
2987
3033
3048
3083
3086
3322
3324
3489
3556
3638
3691
3749
3761
3798
3809
3941
3994
4332
4360
4402
4466
4522
4683
4811
4830
4882
5102
5176
5378
5526
5686
5701
5837
5950
6266
6303
6494
7088
7491
7747
7847
7885
8091
8331
8381
8434
8435
8591
8780
9148
9201
9243
9273
9297
9383
9405
9511
9639
9788
9995
38
63
155
259
339
454
510
570
579
834
835
985
1180
1181
1227
1239
1305
1400
1475
1777
1783
1813
1985
2095
2144
2200
2201
2241
2289
2516
2614
2645
2849
3107
3251
3253
3295
3439
3503
3522
3534
3851
3862
3886
3986
4006
4193
4496
4547
4716
4724
4847
4883
4886
4893
4938
5012
5034
5090
5558
5611
5833
5999
6000
6093
6117
6148
6372
6427
6464
6671
6705
6731
6880
6965
7093
7416
7520
7666
7696
7912
8026
8254
8278
8739
8768
8779
8786
8891
9016
9126
9137
9205
9282
9338
9363
9434
9634
9656
9769
37
157
170
269
272
328
478
602
686
749
811
882
978
1104
1113
1118
1174
1217
1310
1320
1387
1397
1408
1744
1758
1785
1787
1799
1832
1892
1933
2027
2052
2067
2167
2209
2290
2425
2453
2519
2857
2884
2914
2937
2950
3062
3252
3486
3617
3810
3815
3907
4023
4146
4352
4369
4400
4640
4686
4711
4935
5261
5467
5757
5884
5900
5949
5954
6005
6015
6029
6224
6308
6379
6429
6529
6603
6697
6863
7095
7268
7374
7956
8059
8451
8620
8682
8728
8867
8906
8919
8976
9042
9311
9355
9436
9444
9677
9797
9871
37
396
501
510
547
578
672
686
699
798
812
930
1146
1290
1660
1684
1905
1947
2003
2154
2289
2454
2594
2677
2700
2940
3077
3148
3217
3350
3414
3464
3499
3517
3527
3527
3603
3631
3758
3774
3796
3984
4018
4049
4093
4104
4347
4654
4663
4671
4675
4684
4721
4743
4790
4846
4866
4906
5323
5794
6069
6077
6121
6219
6243
6264
6353
6454
6456
6507
6550
6555
6755
6792
6820
6898
7023
7033
7193
7353
7775
7864
7899
7932
7936
7955
8160
8162
8507
8903
8976
9003
9237
9266
9529
9555
9578
9713
9821
9842
35
101
126
138
198
305
376
580
608
705
749
1007
1029
1066
1143
1391
1492
1570
1672
1728
1859
1923
1979
2093
2122
2207
2221
2319
2609
2620
2651
2790
2990
3079
3342
3368
3488
3491
3514
3534
3547
3612
3849
4059
4291
4291
4502
4571
4607
4676
4760
4935
4985
5136
5238
5299
5334
5386
5498
5660
5763
5778
5839
5861
5912
6188
6253
6439
6530
7031
7395
7526
7535
7551
7583
7696
7771
7775
7799
7812
7870
7989
8294
8306
8531
8747
8975
9026
9030
9051
9439
9508
9579
9583
9662
9687
9691
9738
9855
9932
33
249
295
472
727
783
794
823
841
928
1044
1127
1321
1323
1350
1427
1459
1507
1637
1880
1975
1981
1988
2179
2321
2432
2663
2707
2769
3075
3122
3283
3381
3487
3577
3610
3610
3711
3829
4042
4201
4258
4346
4368
4402
4403
4492
4535
4563
4842
4950
4955
5107
5617
5620
5642
5744
5994
6087
6119
6153
6163
6229
6276
6344
6727
6802
6834
6880
7125
7192
7218
7261
7545
7555
7628
7653
7742
7799
7803
7820
7902
7911
7984
8069
8090
8386
8503
8563
8610
8904
8925
8937
9291
9371
9431
9511
9656
9675
9934
29
83
92
137
146
211
360
453
462
469
828
1025
1059
1117
1201
1205
1228
1267
1377
1408
1444
1446
1661
1819
1916
2030
2213
2257
2294
2404
2482
2497
2721
2732
2804
3083
3118
3174
3285
3360
3394
3645
3710
3724
3847
4071
4145
4229
4235
4303
4313
4343
4345
4613
4765
4821
5352
5618
5762
6026
6055
6247
6301
6335
6444
6480
6640
6667
7035
7140
7180
7324
7448
7506
7584
7641
7648
7674
7742
7766
7820
7850
7919
8038
8128
8298
8407
8448
8645
8751
8943
9147
9147
9164
9379
9585
9702
9721
9743
9964
28
42
169
317
456
595
626
830
918
1069
1091
1118
1149
1161
1168
1386
1415
1464
1501
1549
1572
1696
1811
1862
1877
1921
2046
2077
2107
2177
2332
2367
2565
2582
2978
3070
3125
3171
3291
3551
3759
3827
3874
3914
3940
4000
4025
4052
4333
4436
4612
4647
4771
4870
4982
5108
5202
5491
5570
5585
5661
5772
6033
6048
6329
6426
6611
6891
6936
7035
7132
7172
7236
7302
7385
7551
7582
7630
7793
7991
8177
8282
8447
8455
8517
8548
8800
8804
8849
9001
9594
9674
9703
9709
9762
9810
9817
9839
9900
9914
26
260
299
332
451
594
626
808
840
1052
1174
1378
1440
1503
1560
1571
1720
1725
1793
1807
1867
2073
2088
2148
2159
2249
2567
2588
2675
2751
2835
2927
2964
3071
3147
3358
3444
3502
3545
3666
3940
4014
4322
4510
4561
4568
4672
4811
4887
4928
5049
5068
5117
5142
5177
5199
5564
5595
5793
5809
5933
5951
5965
6074
6093
6139
6257
6315
6569
6667
6766
6772
6894
6935
6973
7476
7543
7635
7920
7920
8102
8104
8317
8360
8525
8662
8761
8786
9117
9140
9278
9396
9448
9566
9768
9813
9826
9838
9925
9981
25
320
398
590
669
831
836
985
1095
1314
1337
1424
1461
1517
1869
1879
1921
1940
1993
2021
2270
2276
2429
2457
2536
2681
2896
3111
3199
3367
3514
3530
3895
4129
4133
4237
4261
4354
4496
4608
4625
4744
4880
4892
4923
4935
5015
5053
5187
5192
5240
5378
5406
5518
5611
5895
6108
6123
6139
6361
6518
6684
6684
6715
6762
6764
6816
6825
6863
7107
7137
7328
7387
7699
7905
7927
8036
8083
8127
8175
8295
8363
8466
8500
8899
8946
9177
9255
9297
9402
9438
9534
9591
9625
9642
9825
9835
9886
9957
9979
23
42
67
353
369
394
610
702
717
939
959
975
1003
1098
1188
1215
1274
1278
1383
1474
1479
1481
1638
1729
1731
1837
1911
1964
2408
2538
2595
2625
2851
2870
3049
3085
3383
3583
3598
3743
3829
3879
4161
4329
4435
4565
4736
4761
4804
4925
4988
5084
5166
5356
5356
5608
5741
5801
5856
6002
6111
6267
6510
6563
6678
6856
6872
6899
7123
7392
7483
7740
7851
7865
7919
7944
7957
8297
8350
8388
8569
8590
8640
8646
8656
8742
8840
8962
9014
9060
9081
9294
9604
9654
9761
9814
9827
9878
9916
9991
21
39
47
180
295
360
365
383
393
437
558
684
741
801
1032
1045
1098
1110
1188
1253
1272
1359
1478
1514
1612
1716
1730
1766
1767
1808
1928
1998
2016
2040
2071
2103
2141
2145
2262
2301
2303
2309
2313
2379
2531
2662
2758
3003
3055
3183
3230
3497
3518
3570
3799
3804
3833
3885
4140
4262
4266
4316
4353
4551
4610
4861
4938
5007
5085
5174
5181
5790
5875
5891
6093
6546
6767
6950
7011
7047
7352
7557
7827
7843
7853
8072
8293
8351
8426
8603
8650
8837
8862
8878
8901
9023
9198
9240
9673
9753
20
227
228
393
462
809
829
906
983
996
1082
1093
1168
1257
1300
1352
1385
1541
1594
1748
1754
1867
2107
2132
2168
2415
2448
2720
2883
2901
2934
3140
3332
3429
3442
3661
3763
3926
4007
4084
4085
4255
4336
4432
4800
5289
5319
5325
5344
5534
5588
5678
5774
5863
5873
5897
5928
6021
6038
6236
6371
6445
6493
6499
6641
6756
6787
6844
6897
6951
7102
7233
7250
7299
7422
7491
7556
7635
7637
7650
7676
7717
7861
7888
8022
8051
8247
8303
8332
8354
8377
8387
8462
8520
9172
9375
9476
9583
9584
9634
19
207
240
244
290
294
740
781
789
891
893
990
1101
1250
1302
1304
1403
1517
1560
1686
1738
1841
1854
1869
1918
1939
2093
2152
2423
2431
2458
2476
2595
2685
2696
2721
2733
2742
2753
2889
2989
3003
3037
3132
3247
3256
3285
3342
3515
3675
3784
3920
4067
4184
4251
4406
4439
4487
4517
4674
4689
4795
4816
4978
5303
5349
5400
5610
5724
5738
6004
6113
6282
6525
6651
6665
6935
7013
7048
7173
7356
7416
7564
7655
7814
7820
7873
8051
8105
8210
8408
8589
9020
9186
9247
9320
9555
9655
9710
9762
18
220
281
346
392
402
451
562
676
691
728
778
847
907
1301
1405
1467
1512
1535
1547
1585
1590
1605
1759
1870
2011
2104
2147
2152
2205
2253
2365
2460
2475
2531
2593
2685
2736
2943
3552
3610
3643
3784
4096
4123
4223
4379
4555
4607
4670
4713
4729
4778
4787
4799
4835
4850
5101
5125
5127
5349
5416
5480
5504
5509
5625
5643
5700
5792
6151
6601
6989
7139
7286
7569
7582
7854
7873
7911
7965
7966
8040
8225
8390
8506
8598
8675
8743
8751
8916
8953
9015
9332
9406
9446
9680
9836
9870
9887
9948
16
94
128
146
208
222
320
364
425
489
544
806
811
883
978
991
1047
1203
1241
1265
1319
1486
1564
1609
1643
1853
1935
2100
2478
2561
2579
2610
2642
2679
2766
2790
2844
2925
2960
2997
3063
3107
3144
3325
3553
3640
3642
3649
3915
4057
4314
4633
4899
4946
4981
5300
5335
5440
5491
5615
5656
5669
5818
5897
5902
5967
5968
6109
6161
6257
6279
6473
6533
6745
6779
6860
6864
6915
7088
7117
7306
7336
7361
7538
7697
7843
8264
8661
8734
8849
9085
9209
9337
9343
9464
9499
9518
9737
9779
9865
14
86
203
315
347
365
370
406
445
672
924
1030
1188
1596
1624
1693
1780
1843
1904
1910
1980
2160
2182
2245
2313
2323
2334
2379
2381
2383
2499
2585
2676
2943
3005
3311
3438
3444
3503
3837
3963
4138
4225
4479
4483
4596
4683
4774
4869
5168
5475
5492
5525
5633
5682
5788
5798
5880
6039
6169
6218
6259
6269
6358
6766
6871
6968
7027
7054
7074
7081
7105
7382
7417
7451
7473
7761
7771
8092
8181
8202
8255
8294
8465
8504
8562
8645
8810
8963
8988
9002
9090
9306
9321
9398
9580
9687
9705
9719
9727
14
20
204
332
371
403
406
410
416
510
636
795
1081
1112
1178
1321
1582
1583
1606
1642
1702
1713
1779
2038
2184
2217
2378
2420
2439
2646
2717
3024
3121
3251
3372
3414
3478
3499
3656
3911
3932
3942
4019
4050
4125
4138
4270
4295
4342
4383
4542
4682
4776
4778
4788
5068
5116
5118
5129
5237
5283
5358
5549
5903
6039
6122
6139
6151
6157
6273
6397
6406
6418
6466
6703
6706
6983
7275
7342
7423
7960
8153
8169
8324
8383
8591
8645
8825
8847
9077
9081
9086
9312
9368
9370
9485
9513
9685
9777
9899
14
49
150
191
625
702
726
861
868
899
936
1036
1145
1243
1319
1319
1397
1509
1612
1615
1744
1888
1919
1935
2291
2384
2461
2516
2588
2602
2721
2837
2884
3004
3005
3082
3110
3141
3210
3227
3335
3589
3601
3605
3821
3971
3972
3981
4030
4073
4079
4343
4419
4421
4739
4845
4874
4950
4951
5205
5451
5488
5632
5633
5712
5796
5831
5889
5991
6309
6374
6831
7129
7166
7280
7285
7307
7530
7567
7624
7926
8280
8404
8522
8553
8775
8784
8799
8846
8889
8905
8967
9090
9167
9303
9332
9444
9483
9780
9966
13
97
102
352
440
479
648
691
706
1024
1037
1086
1105
1166
1174
1179
1197
1484
1560
1659
1668
1712
1821
1909
2125
2334
2423
2451
2499
2818
2826
3130
3164
3253
3268
3678
3756
3954
3986
4120
4250
4372
4533
4615
4761
4777
4898
5028
5137
5149
5259
5511
5637
5672
5823
5835
5850
5906
6118
6198
6424
6426
6574
6575
6575
6733
6821
6928
6989
7053
7101
7109
7319
7391
7450
7514
7525
7669
7843
7845
7859
8081
8250
8328
8416
8418
8426
8544
8612
8680
8767
8786
9097
9199
9308
9339
9597
9602
9681
9836
10
131
282
557
698
874
881
976
1020
1336
1378
1507
1553
1635
1670
1760
1806
1814
1959
1983
2036
2061
2088
2270
2329
2388
2421
2495
2531
2659
2679
2864
3018
3177
9999
3312
3417
3425
3464
3487
3619
3876
4203
4352
4524
4946
4982
5030
5276
5321
5339
5396
5447
5472
5530
5544
5646
5781
5796
6067
6149
6206
6225
6457
6573
6693
6908
6964
7073
7090
7249
7249
7490
7564
7565
7627
7654
7793
7899
7912
8009
8110
8136
8294
8310
8494
8649
8671
8694
8892
8991
9002
9046
9059
9159
9182
9262
9314
9713
9814
10
22
39
106
289
423
688
786
862
943
967
1004
1007
1106
1136
1182
1182
1248
1484
1515
1526
1584
1711
1818
1818
1899
2028
2148
2153
2238
2299
2322
2364
2369
2410
2504
2718
2746
2789
2979
3101
3168
3257
3277
3326
3661
3663
3796
3956
3995
4020
4091
4186
4928
5064
5101
5247
5662
5747
5816
5848
5888
5999
6022
6112
6169
6677
6689
6752
6821
6841
6986
7053
7145
7279
7535
7591
7600
7667
7676
7693
7842
7861
8252
8291
8481
8534
8542
8739
8825
9042
9172
9217
9274
9368
9546
9620
9683
9696
9706
8
108
153
163
177
271
386
452
493
534
620
626
637
677
747
951
1227
1332
1339
1385
1431
1434
1489
1675
1708
1765
1953
1955
1958
1994
2042
2123
2178
2286
2415
2459
2638
2843
2974
3096
3103
3278
3385
3467
3688
3689
3713
3745
4357
4366
4582
4724
4868
4877
4939
4960
5313
5372
5489
5568
5628
5984
6017
6059
6072
6111
6233
6252
6367
6502
6687
6689
6729
6875
7053
7228
7730
7884
7915
7919
7961
8064
8132
8147
8185
8400
8418
8485
8634
8798
8810
8892
8928
9010
9537
9590
9737
9874
9954
9956
8
62
79
142
229
319
453
606
647
831
1003
1040
1062
1104
1203
1245
1260
1364
1414
1571
1719
1724
1755
1867
2082
2124
2268
2415
2477
2567
2679
2686
2701
2773
2890
3063
3321
3329
3342
3529
3553
3648
3717
3745
3801
3862
3868
3996
4120
4127
4414
4523
4661
4855
4866
4963
5106
5386
5397
5674
5762
5900
6019
6038
6201
6333
6435
6438
6584
6672
6728
6744
6762
6899
6955
7304
7338
7420
7438
7566
7683
7754
7848
7893
8046
8263
8272
8339
8340
8485
8605
8796
8828
9248
9454
9609
9612
9742
9837
9864
5
10
20
228
248
536
809
992
1065
1081
1417
1559
1709
1739
1845
2091
2220
2235
2336
2477
2486
2572
2593
2747
2868
2924
2947
3153
3322
3337
3394
3465
3552
3562
3756
3873
3896
4043
4179
4226
4306
4332
4344
4575
4668
4842
4941
5080
5094
5209
5242
5346
5519
5649
5685
5823
6146
6350
6426
6438
6496
6517
6571
6739
6817
6873
6913
6985
7016
7348
7379
7445
7506
7566
7574
7737
7743
7791
7830
7846
7890
7931
8203
8390
8461
8586
8619
8754
8879
8965
9058
9087
9129
9298
9338
9553
9643
9724
9777
9853
4
36
53
68
284
328
346
489
580
602
699
875
984
1299
1364
1412
1473
1516
1699
1733
1910
1913
1933
1940
1976
1981
2119
2339
2397
2448
2487
2497
2590
2616
2847
3109
3166
3184
3304
3364
3448
3457
3539
3570
3901
4094
4242
4290
4370
4528
4619
4789
4802
4890
4958
4976
5046
5101
5300
5336
5371
5436
5469
5529
5595
5734
5891
5893
6050
6301
6407
6459
6716
6950
6992
7109
7157
7303
7449
7515
7717
7821
8456
8506
8528
8706
8729
9031
9056
9121
9233
9236
9333
9491
9503
9505
9732
9750
9905
9983
0
136
636
710
778
831
842
859
882
945
1031
1105
1171
1293
1312
1464
1640
1648
1691
1807
1821
2208
2228
2272
2273
2352
2402
2402
2438
2482
2501
2521
2533
2682
2876
3003
3391
3434
3472
3612
3643
3725
3779
3863
4127
4151
4201
4293
4410
4558
4562
4702
4783
4936
5108
5175
5391
5439
5619
5711
5941
6106
6140
6204
6397
6456
6480
6490
6549
6665
6806
7081
7167
7197
7298
7428
7459
7490
7496
7551
7852
7870
7935
8027
8073
8178
8249
8304
8541
8551
8629
8633
9086
9152
9211
9294
9485
9568
9839
9863