1
1
2
3
3
3
4
5
6
6
6
7
7
7
7
9
9
9
12
12
12
13
16
16
17
18
18
19
21
23
23
25
26
27
27
27
30
30
30
30
35
36
37
38
39
39
40
40
40
41
41
42
43
43
43
44
45
45
46
46
46
47
47
48
49
50
53
53
53
53
54
54
54
55
57
57
58
59
60
60
60
61
63
63
63
63
64
64
64
65
65
66
67
67
67
68
69
69
71
71
71
72
75
76
76
78
78
79
80
80
81
81
82
83
84
85
88
88
89
90
90
94
94
95
95
96
98
99
99
104
105
106
108
109
112
112
112
112
114
116
117
117
117
118
119
120
120
121
121
121
121
121
121
124
127
128
128
131
132
132
132
132
132
134
135
135
135
136
137
137
137
138
139
141
141
141
142
142
143
145
146
147
148
149
152
152
153
154
154
155
156
156
157
157
160
160
160
161
161
162
165
167
167
168
170
170
171
171
173
174
175
175
175
175
177
178
179
179
180
180
180
181
182
182
183
183
184
185
185
186
186
190
190
190
192
193
193
193
194
194
195
195
196
197
197
197
200
200
200
201
203
205
206
208
209
209
209
209
210
210
210
210
212
213
215
215
216
216
216
217
218
218
218
218
218
219
220
220
223
223
223
223
223
223
224
224
225
228
228
230
230
230
232
234
235
235
236
236
237
237
237
237
237
238
238
240
242
243
243
244
247
248
248
249
249
249
250
251
251
251
252
253
253
255
255
255
257
258
260
261
263
264
264
264
264
265
265
265
266
266
266
267
268
269
269
271
271
271
272
274
279
279
279
279
279
280
281
282
282
282
283
283
284
284
284
285
285
285
286
286
288
288
289
290
290
291
292
292
292
293
293
293
294
294
295
297
298
299
299
299
300
300
301
303
303
303
303
303
304
305
306
306
306
307
307
307
308
310
310
310
310
310
311
312
312
312
313
314
315
317
318
321
321
323
325
325
325
326
326
327
329
329
329
329
332
332
333
333
335
336
337
338
338
339
340
341
343
343
345
345
348
348
350
350
353
353
355
356
356
357
358
359
359
359
361
362
364
365
366
366
366
368
369
370
371
373
373
373
374
375
375
376
378
378
379
380
380
380
382
383
383
384
384
387
388
388
388
389
390
391
391
392
392
394
394
395
395
395
396
398
401
402
402
403
403
403
405
405
406
407
408
408
409
410
412
415
415
415
415
416
417
419
419
421
423
424
425
425
425
426
426
429
430
430
432
432
435
435
436
437
437
437
437
438
440
441
444
444
444
445
446
446
446
447
448
448
448
448
448
448
448
449
450
451
451
452
452
452
452
454
455
455
456
456
457
458
459
460
460
462
462
464
464
465
465
465
465
466
467
467
468
469
469
469
470
471
471
471
472
472
472
474
475
475
476
476
477
477
477
479
480
481
481
481
481
483
484
485
485
488
488
489
489
491
491
491
492
492
492
492
494
495
496
496
497
498
501
501
502
502
503
506
507
508
509
510
510
510
511
511
511
512
513
513
513
515
515
517
517
522
522
522
524
525
528
528
529
529
530
530
531
531
533
533
534
536
538
538
539
540
540
541
542
543
543
543
544
547
548
549
550
550
550
551
551
552
552
552
552
552
553
555
556
556
557
560
561
562
564
564
564
565
565
565
566
566
569
570
571
571
571
571
573
573
573
575
575
576
576
577
577
577
578
578
580
580
583
586
587
589
589
592
593
593
594
594
595
596
596
598
599
599
599
600
601
601
601
602
603
604
604
605
605
607
608
609
609
610
610
610
611
614
615
615
617
622
625
625
626
626
627
627
628
629
630
630
631
631
632
633
634
635
635
636
636
636
637
638
638
639
640
641
642
646
646
649
649
649
649
649
650
651
652
654
655
656
658
658
660
660
661
661
662
663
664
665
665
666
666
667
667
667
668
669
672
673
673
673
674
675
675
675
676
677
679
679
681
682
682
683
684
685
686
686
687
687
691
691
691
694
696
699
700
701
703
703
704
705
707
707
708
708
709
710
711
711
713
714
714
715
715
717
717
719
720
721
721
723
723
723
724
725
726
726
728
729
729
729
731
731
731
732
734
734
737
737
739
740
742
743
746
747
748
749
749
750
750
750
750
751
752
753
753
755
755
755
756
758
758
758
759
759
760
760
760
760
761
765
765
766
766
768
769
769
770
771
771
771
772
773
774
775
776
776
776
777
777
778
778
779
779
781
782
782
785
786
789
793
796
796
796
797
797
798
799
799
800
800
800
800
801
801
802
802
802
802
803
803
805
808
809
811
811
811
811
812
812
812
812
813
814
815
815
815
817
817
818
818
819
819
820
821
821
825
826
827
827
831
832
833
833
837
837
838
839
839
840
840
841
841
841
848
849
849
849
850
850
850
852
853
853
853
855
856
857
857
858
859
859
860
861
862
864
865
865
866
867
867
868
869
869
870
871
871
871
872
873
873
874
875
875
875
877
880
880
880
881
881
881
882
883
884
885
887
888
890
890
891
893
893
894
895
895
896
897
897
898
898
899
899
902
903
904
907
908
908
909
909
909
911
911
911
912
913
914
915
917
918
919
926
927
927
928
928
929
929
929
930
931
931
932
932
933
933
934
936
936
937
938
938
938
939
939
940
940
943
943
944
945
945
946
948
948
949
951
953
953
954
955
955
956
960
960
960
962
962
964
965
965
965
967
968
968
969
971
972
973
973
973
974
974
974
974
975
975
976
976
979
980
981
982
984
984
984
985
987
988
988
988
989
990
991
991
992
993
993
993
994
994
994
995
997
997
998
999
999
1003
1004
1005
1005
1006
1007
1008
1009
1009
1010
1010
1010
1011
1011
1013
1014
1015
1016
1017
1019
1019
1021
1022
1022
1022
1023
1024
1024
1027
1027
1030
1030
1031
1032
1032
1033
1034
1035
1035
1037
1038
1039
1039
1039
1039
1041
1046
1047
1047
1047
1049
1050
1051
1052
1054
1055
1055
1056
1056
1057
1058
1058
1058
1061
1064
1064
1064
1065
1066
1067
1067
1068
1068
1068
1069
1070
1071
1071
1071
1071
1071
1072
1072
1073
1075
1075
1075
1076
1076
1078
1079
1080
1080
1083
1084
1085
1085
1085
1086
1086
1087
1088
1088
1088
1088
1089
1091
1091
1094
1094
1095
1096
1097
1097
1098
1098
1099
1099
1099
1099
1099
1100
1103
1103
1104
1104
1104
1104
1105
1106
1106
1107
1109
1109
1110
1110
1111
1113
1113
1114
1115
1115
1116
1116
1117
1118
1118
1121
1122
1122
1122
1122
1123
1123
1123
1125
1125
1126
1127
1128
1129
1129
1129
1130
1130
1131
1133
1134
1135
1138
1140
1140
1143
1143
1143
1144
1145
1147
1150
1151
1151
1153
1153
1158
1159
1161
1162
1162
1162
1162
1162
1164
1165
1165
1167
1169
1169
1169
1169
1170
1171
1172
1173
1174
1175
1176
1177
1177
1177
1179
1182
1182
1183
1185
1187
1189
1190
1190
1190
1190
1193
1193
1194
1194
1197
1200
1201
1202
1203
1206
1207
1207
1207
1208
1208
1209
1210
1210
1211
1211
1211
1212
1212
1212
1212
1212
1213
1214
1214
1215
1215
1216
1217
1217
1218
1219
1219
1220
1221
1222
1224
1224
1224
1225
1227
1230
1231
1231
1232
1234
1236
1236
1236
1239
1239
1240
1242
1242
1244
1244
1247
1248
1248
1249
1249
1249
1251
1251
1252
1252
1252
1253
1253
1254
1254
1254
1255
1255
1256
1256
1256
1257
1257
1257
1257
1259
1259
1259
1261
1263
1265
1265
1266
1267
1267
1269
1272
1274
1275
1275
1275
1275
1277
1280
1280
1281
1283
1284
1285
1287
1289
1289
1289
1290
1291
1293
1294
1294
1294
1295
1296
1296
1298
1299
1299
1299
1300
1300
1301
1302
1303
1304
1305
1306
1306
1307
1310
1311
1311
1312
1312
1313
1313
1316
1316
1316
1317
1318
1318
1318
1319
1319
1319
1320
1320
1320
1321
1321
1321
1322
1322
1323
1325
1325
1326
1327
1327
1327
1328
1328
1329
1329
1330
1331
1331
1331
1332
1332
1333
1334
1334
1335
1336
1337
1337
1338
1338
1338
1339
1343
1343
1343
1344
1344
1345
1345
1345
1346
1347
1351
1353
1354
1354
1354
1357
1357
1358
1358
1359
1359
1359
1363
1364
1364
1364
1364
1364
1365
1365
1365
1365
1366
1368
1369
1370
1371
1372
1372
1373
1374
1375
1375
1378
1379
1379
1380
1382
1384
1384
1386
1387
1387
1387
1387
1388
1388
1388
1388
1389
1389
1390
1390
1391
1392
1394
1396
1396
1397
1397
1397
1398
1398
1398
1400
1400
1401
1401
1402
1402
1403
1404
1404
1405
1406
1406
1406
1407
1407
1408
1408
1410
1410
1411
1411
1412
1413
1414
1415
1417
1417
1417
1418
1418
1418
1419
1419
1420
1420
1421
1421
1424
1424
1425
1427
1427
1427
1428
1428
1428
1430
1430
1430
1431
1432
1433
1434
1434
1436
1436
1437
1437
1437
1438
1440
1440
1440
1441
1441
1441
1442
1443
1443
1445
1445
1447
1448
1450
1451
1453
1453
1454
1456
1456
1456
1457
1458
1459
1459
1460
1460
1460
1461
1462
1463
1463
1463
1463
1464
1465
1465
1467
1467
1468
1468
1468
1471
1471
1472
1472
1472
1472
1472
1473
1473
1475
1476
1476
1478
1478
1479
1479
1480
1482
1483
1484
1484
1485
1486
1487
1487
1488
1489
1489
1490
1491
1491
1493
1495
1495
1496
1496
1496
1497
1497
1499
1500
1501
1502
1503
1504
1504
1505
1506
1507
1507
1507
1508
1509
1509
1510
1510
1511
1511
1512
1513
1513
1514
1515
1515
1515
1515
1516
1516
1516
1520
1520
1525
1526
1527
1527
1528
1528
1529
1532
1532
1532
1533
1533
1534
1534
1534
1535
1535
1535
1535
1535
1537
1537
1538
1538
1538
1539
1540
1542
1542
1542
1543
1544
1545
1545
1545
1546
1547
1547
1547
1548
1549
1549
1549
1550
1550
1551
1551
1552
1552
1553
1554
1554
1554
1555
1556
1557
1558
1558
1559
1559
1559
1560
1561
1562
1563
1563
1564
1565
1566
1567
1568
1568
1570
1572
1572
1572
1573
1574
1574
1575
1575
1575
1575
1578
1578
1579
1580
1580
1583
1583
1585
1586
1587
1590
1590
1593
1594
1596
1596
1597
1598
1598
1599
1599
1600
1601
1601
1601
1603
1604
1608
1609
1609
1611
1612
1612
1614
1615
1616
1617
1620
1620
1620
1620
1621
1622
1622
1623
1623
1624
1624
1625
1625
1625
1627
1630
1630
1631
1631
1632
1632
1632
1632
1633
1633
1634
1634
1635
1635
1636
1636
1637
1638
1638
1639
1639
1639
1640
1640
1640
1640
1640
1641
1641
1643
1645
1645
1646
1646
1648
1648
1649
1649
1649
1650
1650
1651
1651
1651
1655
1656
1657
1657
1662
1662
1662
1663
1665
1665
1666
1666
1668
1669
1670
1670
1671
1673
1674
1674
1675
1675
1675
1675
1676
1677
1677
1677
1678
1678
1678
1678
1679
1680
1680
1680
1680
1680
1681
1682
1682
1682
1683
1685
1687
1687
1687
1687
1688
1688
1689
1690
1690
1690
1693
1693
1695
1696
1697
1697
1698
1699
1699
1700
1702
1702
1703
1703
1704
1704
1706
1706
1706
1706
1707
1708
1709
1709
1710
1710
1712
1720
1721
1721
1724
1725
1725
1727
1727
1729
1729
1730
1730
1731
1732
1733
1734
1734
1734
1734
1734
1735
1735
1737
1738
1738
1740
1741
1741
1742
1742
1743
1746
1747
1748
1748
1751
1751
1752
1753
1754
1754
1754
1755
1755
1757
1758
1758
1758
1759
1760
1761
1762
1763
1763
1764
1765
1765
1767
1767
1767
1768
1769
1770
1770
1771
1774
1775
1777
1777
1777
1779
1781
1781
1782
1783
1784
1785
1785
1786
1786
1789
1789
1790
1791
1792
1793
1794
1794
1794
1795
1797
1797
1798
1799
1801
1802
1802
1802
1804
1804
1805
1807
1812
1814
1814
1814
1814
1814
1814
1816
1817
1817
1818
1818
1818
1819
1820
1821
1821
1821
1825
1825
1827
1828
1829
1830
1830
1831
1832
1832
1833
1835
1835
1836
1836
1836
1837
1837
1837
1837
1837
1838
1838
1838
1839
1839
1842
1843
1844
1845
1847
1848
1848
1849
1851
1853
1854
1855
1857
1857
1857
1858
1858
1861
1862
1863
1865
1865
1867
1869
1869
1869
1869
1870
1871
1871
1872
1873
1876
1877
1877
1878
1879
1879
1880
1881
1882
1882
1884
1886
1888
1888
1891
1891
1891
1891
1891
1892
1894
1894
1895
1897
1898
1898
1898
1898
1899
1899
1900
1902
1903
1903
1903
1904
1905
1907
1908
1908
1909
1909
1909
1912
1912
1912
1914
1914
1916
1916
1916
1916
1916
1916
1916
1917
1918
1919
1920
1921
1921
1921
1921
1924
1924
1925
1926
1926
1928
1929
1929
1932
1932
1933
1933
1933
1934
1935
1935
1936
1936
1937
1937
1938
1938
1938
1938
1939
1939
1940
1941
1942
1942
1942
1943
1943
1945
1945
1946
1946
1947
1947
1947
1948
1948
1948
1948
1949
1950
1950
1951
1952
1952
1954
1955
1955
1955
1955
1955
1956
1957
1958
1959
1959
1960
1960
1961
1963
1964
1965
1965
1966
1968
1969
1969
1970
1970
1971
1971
1972
1975
1976
1976
1976
1981
1981
1981
1982
1982
1985
1985
1986
1987
1987
1988
1988
1989
1990
1991
1993
1993
1994
1995
1996
1996
1996
1996
1997
1997
1997
1999
1999
2001
2001
2002
2003
2003
2004
2004
2004
2005
2007
2007
2009
2009
2010
2010
2011
2012
2012
2014
2014
2014
2015
2016
2017
2018
2018
2018
2018
2019
2019
2022
2023
2023
2023
2024
2026
2026
2028
2028
2029
2030
2031
2032
2034
2034
2035
2035
2037
2037
2037
2038
2040
2040
2041
2043
2044
2046
2047
2048
2049
2049
2050
2050
2050
2051
2052
2054
2055
2056
2056
2059
2059
2059
2060
2061
2061
2062
2062
2063
2065
2066
2071
2071
2071
2073
2073
2073
2074
2074
2074
2075
2075
2075
2076
2077
2077
2078
2078
2079
2079
2079
2079
2080
2080
2081
2082
2083
2085
2085
2085
2086
2086
2086
2086
2088
2089
2089
2090
2091
2091
2093
2093
2094
2094
2095
2096
2097
2098
2098
2099
2099
2101
2101
2102
2102
2106
2106
2107
2107
2107
2108
2109
2109
2109
2110
2110
2110
2112
2112
2113
2115
2116
2116
2116
2117
2118
2119
2119
2120
2120
2121
2125
2125
2126
2127
2127
2127
2128
2131
2132
2132
2133
2133
2134
2134
2134
2136
2137
2137
2138
2138
2138
2138
2139
2141
2142
2142
2142
2144
2144
2148
2148
2148
2149
2150
2150
2151
2151
2153
2153
2153
2153
2154
2154
2154
2155
2155
2156
2156
2157
2160
2160
2161
2162
2163
2163
2164
2165
2166
2168
2168
2169
2169
2170
2171
2171
2172
2174
2175
2175
2176
2179
2179
2180
2181
2181
2181
2182
2182
2183
2184
2184
2186
2186
2187
2187
2188
2189
2190
2190
2193
2193
2194
2196
2196
2196
2198
2198
2201
2201
2203
2205
2206
2207
2207
2207
2209
2209
2210
2211
2211
2212
2213
2213
2214
2214
2215
2217
2217
2217
2218
2219
2220
2220
2221
2222
2222
2222
2222
2222
2224
2224
2224
2225
2225
2225
2226
2226
2226
2227
2228
2228
2229
2229
2231
2233
2234
2234
2235
2236
2237
2237
2238
2238
2244
2245
2246
2246
2246
2247
2247
2248
2248
2249
2251
2252
2252
2252
2253
2254
2257
2257
2258
2260
2264
2264
2266
2266
2269
2270
2273
2273
2273
2274
2274
2275
2276
2276
2276
2277
2279
2280
2281
2281
2284
2284
2285
2286
2287
2287
2288
2289
2289
2289
2290
2291
2292
2295
2295
2296
2296
2297
2297
2299
2299
2300
2301
2301
2303
2304
2305
2305
2309
2310
2312
2312
2313
2314
2316
2317
2318
2318
2319
2319
2319
2320
2320
2321
2321
2321
2323
2323
2325
2326
2326
2327
2328
2330
2331
2332
2333
2334
2334
2335
2336
2337
2337
2338
2338
2339
2339
2339
2340
2341
2343
2344
2345
2345
2346
2347
2347
2348
2348
2349
2350
2351
2352
2353
2353
2353
2354
2356
2356
2357
2357
2358
2358
2361
2361
2362
2362
2362
2363
2364
2366
2366
2366
2372
2373
2377
2379
2380
2380
2381
2384
2384
2384
2385
2386
2386
2386
2387
2387
2388
2388
2388
2389
2390
2391
2394
2395
2396
2396
2397
2398
2398
2398
2398
2398
2400
2400
2400
2400
2403
2404
2405
2406
2406
2410
2410
2410
2410
2411
2411
2412
2412
2413
2413
2414
2416
2416
2416
2416
2416
2417
2418
2422
2422
2423
2424
2426
2427
2427
2427
2428
2428
2429
2429
2429
2430
2431
2431
2432
2435
2436
2439
2439
2440
2441
2441
2442
2443
2444
2446
2446
2448
2448
2448
2449
2450
2451
2453
2454
2455
2458
2458
2459
2460
2462
2462
2465
2467
2468
2468
2469
2470
2470
2472
2472
2473
2475
2475
2475
2475
2475
2475
2476
2476
2477
2477
2478
2478
2479
2480
2482
2483
2485
2486
2486
2486
2489
2491
2492
2492
2493
2493
2494
2494
2494
2494
2495
2496
2497
2499
2499
2501
2501
2503
2504
2506
2506
2506
2507
2517
2517
2518
2518
2519
2519
2520
2520
2521
2521
2522
2523
2525
2525
2526
2526
2530
2530
2531
2531
2532
2532
2534
2534
2534
2535
2535
2536
2537
2537
2537
2537
2541
2543
2543
2546
2547
2548
2548
2548
2548
2549
2550
2551
2552
2552
2553
2553
2554
2555
2555
2556
2556
2557
2558
2560
2560
2563
2564
2565
2567
2567
2569
2570
2570
2570
2570
2571
2573
2576
2576
2577
2578
2578
2579
2579
2579
2580
2580
2580
2581
2581
2583
2585
2586
2586
2586
2588
2590
2591
2592
2593
2594
2594
2594
2594
2595
2596
2596
2596
2597
2598
2599
2600
2600
2601
2602
2603
2604
2607
2609
2611
2611
2613
2614
2614
2614
2615
2616
2617
2618
2619
2619
2620
2620
2620
2620
2621
2621
2622
2622
2622
2623
2623
2625
2625
2626
2626
2627
2628
2629
2629
2630
2632
2632
2632
2632
2633
2633
2634
2635
2636
2636
2637
2637
2637
2639
2641
2642
2642
2643
2644
2645
2646
2646
2646
2647
2647
2647
2649
2650
2650
2651
2651
2653
2653
2653
2655
2655
2656
2656
2656
2657
2658
2660
2660
2660
2660
2661
2661
2661
2662
2663
2665
2665
2665
2666
2667
2667
2668
2668
2668
2669
2670
2670
2671
2671
2673
2674
2674
2675
2677
2678
2678
2678
2680
2681
2681
2684
2687
2687
2687
2689
2691
2691
2695
2695
2696
2696
2696
2697
2698
2698
2699
2699
2701
2702
2703
2703
2704
2705
2705
2705
2707
2708
2708
2708
2708
2709
2709
2709
2710
2710
2711
2711
2713
2716
2717
2718
2719
2719
2720
2720
2720
2722
2722
2723
2726
2727
2727
2728
2729
2730
2731
2732
2732
2732
2733
2734
2734
2734
2735
2736
2737
2742
2742
2743
2743
2743
2743
2745
2745
2745
2747
2749
2749
2749
2749
2750
2751
2751
2752
2752
2752
2753
2753
2754
2754
2754
2754
2754
2755
2756
2757
2757
2758
2759
2761
2761
2762
2763
2764
2768
2770
2772
2772
2773
2774
2774
2776
2777
2777
2778
2778
2779
2779
2782
2783
2783
2784
2786
2788
2788
2788
2788
2789
2790
2790
2790
2791
2792
2795
2796
2797
2797
2800
2801
2802
2802
2803
2803
2804
2805
2806
2806
2807
2809
2811
2812
2812
2813
2813
2814
2815
2815
2815
2817
2819
2819
2819
2820
2820
2822
2823
2824
2825
2831
2834
2836
2837
2837
2838
2839
2841
2842
2846
2847
2847
2847
2848
2849
2849
2849
2851
2852
2853
2853
2855
2856
2857
2857
2858
2860
2861
2862
2862
2863
2864
2865
2866
2867
2868
2870
2872
2874
2874
2877
2877
2879
2880
2881
2882
2883
2886
2887
2888
2890
2891
2892
2893
2898
2899
2900
2901
2902
2904
2904
2904
2905
2905
2906
2906
2907
2908
2908
2909
2910
2910
2910
2911
2911
2912
2912
2913
2915
2916
2916
2916
2920
2921
2922
2924
2924
2925
2926
2927
2932
2934
2934
2935
2939
2940
2941
2941
2941
2943
2948
2950
2951
2951
2952
2954
2956
2957
2957
2958
2959
2960
2960
2962
2963
2964
2964
2965
2966
2969
2969
2970
2970
2971
2972
2975
2976
2977
2977
2978
2979
2981
2982
2982
2982
2983
2985
2986
2986
2987
2987
2988
2988
2990
2992
2993
2994
2996
2999
3002
3002
3006
3006
3008
3008
3009
3010
3011
3012
3012
3012
3013
3013
3016
3016
3017
3017
3018
3018
3019
3020
3021
3021
3021
3023
3025
3026
3027
3029
3032
3033
3034
3035
3036
3036
3037
3037
3038
3040
3040
3040
3042
3042
3043
3043
3043
3044
3044
3044
3046
3048
3051
3052
3055
3055
3055
3058
3059
3060
3061
3062
3062
3064
3064
3067
3068
3068
3070
3072
3073
3075
3075
3075
3076
3076
3079
3079
3079
3079
3081
3081
3081
3082
3082
3084
3084
3086
3087
3088
3090
3092
3092
3094
3096
3097
3099
3100
3101
3101
3101
3102
3102
3102
3103
3103
3103
3104
3106
3106
3107
3107
3110
3110
3111
3111
3112
3115
3115
3116
3117
3117
3118
3119
3119
3121
3121
3121
3122
3123
3127
3129
3129
3130
3130
3132
3133
3133
3134
3134
3136
3136
3137
3137
3137
3140
3140
3141
3145
3146
3147
3149
3149
3150
3150
3150
3151
3153
3154
3155
3155
3158
3161
3162
3163
3164
3164
3166
3166
3167
3167
3168
3170
3170
3172
3173
3174
3176
3178
3179
3182
3187
3187
3187
3188
3188
3189
3191
3193
3194
3195
3197
3197
3198
3200
3202
3202
3203
3207
3209
3209
3210
3212
3212
3213
3213
3215
3216
3216
3216
3220
3220
3221
3222
3222
3223
9999
9999
3226
3228
3228
3229
3229
3230
3231
3232
3233
3235
3240
3240
3241
3242
3244
3246
3246
3247
3248
3251
3253
3254
3256
3257
3257
3258
3258
3260
3260
3261
3261
3262
3263
3264
3265
3267
3267
3267
3268
3268
3269
3269
3269
3271
3271
3272
3273
3274
3275
3275
3275
3277
3279
3280
3282
3283
3284
3285
3287
3288
3289
3289
3295
3299
3304
3307
3308
3310
3315
3316
3316
3316
3321
3323
3323
3324
3324
3326
3327
3330
3330
3330
3331
3332
3335
3335
3336
3336
3338
3338
3339
3340
3340
3341
3342
3343
3348
3348
3349
3350
3351
3354
3354
3355
3355
3356
3357
3358
3359
3359
3362
3363
3366
3367
3368
3368
3370
3370
3371
3371
3371
3372
3375
3375
3375
3376
3376
3378
3380
3380
3381
3382
3383
3383
3386
3388
3390
3390
3396
3397
3397
3399
3400
3403
3403
3403
3404
3404
3405
3405
3409
3409
3411
3413
3414
3414
3414
3415
3418
3419
3420
3421
3421
3421
3422
3422
3422
3424
3424
3425
3425
3427
3427
3428
3428
3428
3429
3429
3429
3430
3430
3431
3431
3432
3432
3436
3436
3438
3438
3439
3440
3442
3442
3443
3444
3446
3446
3446
3447
3448
3449
3452
3452
3452
3452
3455
3456
3458
3459
3459
3461
3461
3462
3463
3463
3466
3467
3469
3470
3480
3481
3481
3486
3487
3491
3492
3494
3494
3495
3496
3498
3499
3499
3501
3501
3501
3503
3505
3506
3506
3508
3509
3510
3511
3512
3515
3515
3516
3517
3519
3520
3520
3520
3521
3528
3529
3529
3529
3530
3530
3530
3532
3537
3539
3539
3540
3541
3542
3543
3544
3545
3545
3546
3547
3548
3549
3550
3551
3552
3553
3554
3555
3555
3558
3564
3565
3565
3565
3566
3567
3568
3570
3570
3571
3572
3572
3572
3575
3576
3577
3577
3578
3579
3580
3580
3581
3581
3581
3582
3583
3584
3585
3586
3588
3588
3588
3590
3591
3593
3595
3595
3597
3602
3603
3604
3606
3606
3607
3610
3610
3610
3614
3614
3614
3614
3615
3616
3616
3616
3617
3622
3624
3626
3628
3628
3629
3630
3631
3635
3635
3639
3641
3641
3642
3644
3645
3648
3648
3649
3650
3651
3651
3651
3651
3652
3653
3654
3654
3654
3655
3655
3659
3660
3660
3662
3662
3662
3662
3665
3665
3666
3667
3667
3671
3672
3673
3673
3674
3674
3674
3674
3675
3676
3680
3680
3681
3681
3683
3684
3684
3685
3685
3688
3688
3688
3689
3690
3691
3693
3693
3694
3696
3699
3699
3700
3700
3702
3702
3705
3705
3706
3706
3707
3708
3708
3710
3712
3714
3714
3715
3716
3717
3720
3721
3721
3721
3722
3726
3727
3729
3729
3732
3732
3732
3733
3733
3734
3735
3735
3737
3738
3739
3740
3741
3741
3741
3743
3744
3744
3745
3747
3747
3747
3749
3749
3749
3750
3750
3751
3754
3756
3757
3758
3759
3760
3762
3762
3763
3763
3763
3763
3764
3764
3767
3768
3768
3768
3769
3769
3769
3771
3771
3773
3774
3775
3776
3776
3778
3779
3780
3780
3787
3787
3789
3791
3791
3793
3793
3797
3798
3800
3801
3801
3803
3808
3808
3810
3811
3813
3816
3817
3819
3819
3819
3820
3821
3821
3822
3822
3822
3823
3824
3824
3825
3826
3827
3827
3829
3829
3830
3831
3831
3832
3832
3832
3835
3837
3839
3839
3840
3840
3840
3841
3841
3843
3845
3845
3846
3846
3848
3849
3851
3852
3853
3854
3855
3856
3858
3859
3860
3860
3860
3864
3864
3868
3869
3870
3870
3872
3875
3875
3877
3878
3880
3882
3884
3884
3884
3887
3888
3888
3889
3891
3892
3894
3894
3894
3894
3895
3898
3899
3900
3900
3901
3903
3903
3904
3906
3906
3909
3909
3909
3911
3911
3911
3911
3915
3917
3918
3919
3920
3921
3924
3925
3926
3926
3929
3929
3930
3930
3930
3932
3932
3933
3933
3934
3935
3936
3936
3936
3937
3938
3939
3940
3940
3940
3941
3941
3942
3942
3943
3944
3945
3946
3946
3946
3946
3947
3951
3951
3952
3958
3959
3959
3960
3961
3961
3962
3963
3965
3965
3966
3966
3968
3968
3969
3970
3970
3970
3971
3974
3974
3974
3975
3977
3978
3979
3980
3981
3981
3982
3983
3985
3985
3987
3988
3992
3993
3993
3994
3995
3995
3995
3997
3997
3998
4000
4000
4001
4002
4004
4004
4004
4005
4006
4007
4007
4008
4009
4011
4012
4013
4015
4016
4017
4017
4018
4018
4019
4020
4020
4020
4021
4021
4022
4022
4024
4026
4027
4029
4029
4030
4032
4034
4034
4035
4035
4035
4036
4038
4038
4041
4042
4044
4045
4048
4049
4051
4052
4055
4056
4056
4059
4060
4060
4062
4063
4063
4063
4066
4067
4068
4069
4070
4070
4071
4071
4073
4075
4076
4077
4079
4080
4081
4081
4082
4084
4085
4086
4087
4089
4089
4090
4091
4091
4095
4095
4098
4099
4101
4101
4102
4103
4104
4105
4106
4109
4110
4112
4112
4113
4113
4113
4114
4115
4116
4116
4118
4122
4122
4122
4125
4130
4131
4131
4133
4134
4135
4135
4136
4137
4138
4139
4139
4139
4139
4140
4140
4140
4140
4141
4141
4143
4144
4144
4145
4145
4147
4148
4149
4152
4152
4153
4153
4153
4154
4155
4156
4156
4159
4160
4161
4161
4162
4162
4163
4164
4165
4169
4170
4171
4175
4176
4177
4177
4178
4178
4179
4179
4181
4183
4184
4184
4185
4186
4188
4188
4188
4191
4194
4194
4194
4195
4195
4195
4196
4196
4198
4198
4199
4200
4200
4201
4203
4204
4207
4207
4207
4208
4209
4210
4211
4211
4211
4212
4212
4213
4217
4217
4220
4223
4224
4227
4231
4231
4232
4234
4235
4236
4236
4239
4241
4244
4245
4246
4246
4246
4247
4247
4248
4249
4249
4249
4250
4253
4256
4258
4260
4261
4263
4264
4265
4266
4266
4266
4271
4271
4271
4271
4272
4274
4275
4275
4276
4277
4277
4277
4278
4278
4280
4280
4280
4281
4282
4288
4289
4289
4289
4290
4290
4292
4296
4297
4297
4297
4298
4298
4301
4303
4304
4305
4307
4308
4309
4310
4310
4311
4313
4316
4317
4318
4319
4319
4320
4320
4325
4327
4330
4331
4333
4333
4335
4335
4336
4337
4341
4343
4343
4343
4343
4344
4344
4344
4348
4351
4351
4352
4354
4356
4356
4358
4359
4359
4360
4360
4361
4361
4361
4363
4365
4365
4365
4366
4369
4370
4371
4371
4372
4373
4373
4374
4377
4377
4378
4379
4380
4382
4386
4387
4388
4390
4391
4393
4393
4398
4399
4399
4399
4400
4402
4402
4402
4404
4404
4404
4408
4409
4410
4410
4411
4412
4413
4414
4415
4416
4416
4418
4419
4419
4420
4420
4421
4421
4421
4423
4425
4425
4426
4426
4428
4428
4429
4429
4429
4429
4430
4430
4431
4432
4432
4435
4437
4438
4439
4440
4442
4443
4445
4445
4446
4448
4449
4449
4450
4451
4452
4459
4460
4462
4466
4467
4468
4469
4470
4471
4472
4472
4473
4474
4476
4477
4479
4480
4482
4483
4483
4483
4484
4484
4485
4486
4487
4488
4488
4488
4492
4492
4494
4494
4495
4496
4496
4499
4500
4501
4501
4504
4505
4506
4508
4509
4510
4511
4512
4513
4513
4514
4515
4516
4517
4520
4525
4525
4526
4527
4527
4527
4528
4530
4530
4532
4532
4534
4535
4536
4536
4537
4538
4538
4540
4541
4543
4544
4546
4548
4548
4550
4550
4551
4551
4552
4553
4555
4558
4558
4560
4561
4561
4561
4562
4563
4564
4565
4565
4565
4566
4567
4568
4569
4569
4570
4570
4571
4571
4572
4575
4577
4579
4579
4579
4579
4582
4584
4584
4584
4585
4586
4587
4588
4589
4590
4590
4596
4596
4596
4597
4597
4598
4599
4600
4600
4600
4601
4601
4603
4603
4605
4606
4607
4608
4610
4612
4615
4615
4615
4616
4616
4617
4618
4619
4620
4621
4622
4624
4624
4624
4626
4626
4627
4628
4630
4631
4631
4632
4632
4638
4638
4643
4643
4644
4646
4646
4647
4649
4652
4655
4655
4657
4657
4659
4659
4660
4660
4661
4662
4662
4662
4662
4667
4667
4667
4667
4668
4669
4671
4672
4673
4674
4674
4674
4676
4677
4681
4682
4682
4684
4684
4684
4687
4688
4688
4688
4688
4688
4691
4692
4694
4696
4696
4696
4696
4697
4700
4701
4701
4701
4701
4701
4702
4703
4703
4703
4703
4705
4705
4706
4706
4706
4706
4708
4710
4711
4711
4712
4713
4714
4716
4718
4718
4718
4719
4723
4724
4728
4729
4729
4730
4730
4730
4730
4731
4733
4734
4734
4734
4734
4734
4734
4735
4735
4736
4738
4740
4741
4741
4742
4743
4744
4744
4744
4745
4745
4745
4745
4746
4747
4747
4748
4749
4749
4749
4750
4751
4753
4754
4755
4756
4757
4757
4760
4761
4762
4765
4766
4766
4766
4768
4770
4771
4772
4773
4774
4775
4775
4776
4776
4776
4777
4778
4778
4780
4781
4782
4782
4787
4788
4788
4789
4790
4791
4793
4794
4794
4797
4798
4799
4800
4800
4802
4802
4803
4804
4807
4810
4811
4811
4811
4812
4812
4813
4813
4814
4814
4815
4819
4819
4820
4820
4820
4820
4821
4822
4823
4823
4826
4827
4827
4829
4831
4833
4834
4835
4835
4837
4837
4838
4838
4839
4841
4841
4841
4842
4843
4843
4843
4843
4845
4845
4846
4848
4848
4848
4849
4849
4849
4849
4853
4853
4853
4854
4854
4854
4854
4854
4856
4857
4858
4859
4859
4860
4860
4863
4864
4864
4864
4865
4866
4866
4866
4866
4866
4867
4868
4868
4871
4871
4871
4872
4872
4876
4881
4884
4885
4886
4887
4889
4889
4889
4891
4891
4891
4892
4893
4893
4895
4895
4896
4897
4899
4900
4900
4901
4901
4905
4906
4908
4909
4910
4910
4911
4911
4912
4916
4916
4917
4918
4919
4921
4924
4924
4926
4927
4928
4929
4932
4934
4935
4935
4935
4936
4937
4937
4939
4940
4941
4945
4945
4946
4946
4947
4948
4948
4949
4950
4951
4952
4952
4953
4953
4954
4955
4956
4956
4956
4956
4956
4959
4961
4961
4961
4961
4963
4964
4964
4965
4965
4965
4966
4968
4969
4969
4970
4970
4970
4971
4971
4972
4975
4975
4975
4976
4976
4980
4982
4984
4984
4984
4986
4986
4989
4993
4993
4994
4994
4995
4996
4997
4998
4998
4999
4999
4999
4999
5001
5002
5003
5004
5005
5006
5006
5009
5010
5010
5012
5012
5013
5013
5015
5017
5017
5021
5029
5030
5033
5033
5033
5034
5035
5035
5036
5037
5039
5042
5044
5045
5046
5046
5047
5048
5048
5048
5050
5050
5053
5054
5055
5056
5056
5058
5059
5060
5060
5063
5064
5064
5068
5069
5075
5076
5079
5081
5082
5083
5084
5085
5085
5086
5086
5087
5090
5090
5092
5092
5093
5093
5094
5095
5096
5096
5103
5103
5103
5104
5104
5104
5109
5110
5110
5112
5112
5113
5114
5117
5117
5117
5117
5118
5119
5119
5119
5120
5121
5122
5124
5124
5124
5125
5126
5127
5129
5129
5129
5132
5135
5136
5137
5139
5140
5143
5143
5143
5145
5145
5145
5146
5147
5148
5149
5150
5150
5152
5154
5155
5159
5160
5161
5163
5164
5164
5167
5168
5171
5171
5172
5173
5174
5175
5176
5177
5178
5179
5179
5181
5182
5182
5183
5186
5186
5186
5186
5187
5188
5190
5190
5192
5195
5195
5198
5199
5202
5202
5203
5207
5208
5209
5209
5211
5214
5216
5217
5217
5217
5219
5220
5222
5224
5227
5227
5227
5228
5230
5233
5235
5236
5236
5237
5237
5237
5239
5240
5240
5242
5249
5250
5250
5251
5252
5252
5253
5254
5255
5256
5256
5257
5257
5257
5259
5259
5262
5264
5265
5266
5267
5269
5269
5271
5273
5274
5275
5276
5276
5277
5277
5278
5279
5279
5279
5281
5281
5283
5284
5286
5288
5293
5295
5297
5298
5298
5299
5299
5299
5301
5302
5303
5305
5305
5306
5306
5306
5307
5307
5311
5312
5312
5313
5317
5318
5318
5319
5324
5326
5327
5327
5327
5328
5328
5331
5332
5332
5333
5335
5336
5338
5338
5339
5340
5340
5342
5344
5345
5346
5347
5349
5349
5352
5352
5353
5353
5355
5357
5361
5361
5362
5364
5365
5366
5367
5369
5371
5371
5374
5376
5377
5378
5379
5380
5380
5381
5381
5383
5383
5384
5388
5388
5388
5388
5389
5390
5390
5391
5392
5393
5393
5393
5393
5396
5400
5400
5402
5402
5403
5404
5404
5404
5404
5405
5408
5414
5416
5417
5417
5420
5421
5421
5421
5422
5422
5423
5425
5428
5429
5430
5430
5431
5433
5433
5434
5436
5438
5439
5439
5440
5440
5442
5442
5443
5443
5444
5448
5449
5451
5451
5453
5454
5454
5455
5455
5455
5459
5459
5462
5463
5467
5469
5470
5471
5472
5473
5473
5476
5478
5478
5480
5481
5481
5482
5483
5487
5488
5489
5492
5493
5493
5493
5494
5495
5495
5497
5497
5497
5498
5498
5499
5499
5501
5502
5503
5503
5504
5504
5506
5507
5509
5509
5511
5512
5512
5513
5513
5516
5516
5517
5520
5521
5521
5523
5524
5526
5527
5527
5529
5531
5533
5534
5535
5538
5538
5538
5538
5539
5540
5541
5543
5543
5543
5543
5545
5545
5547
5548
5548
5548
5549
5550
5552
5553
5555
5555
5556
5556
5557
5558
5558
5561
5561
5561
5564
5565
5566
5568
5570
5571
5572
5572
5575
5577
5578
5578
5579
5581
5582
5582
5582
5584
5585
5586
5588
5588
5588
5590
5590
5591
5592
5593
5593
5598
5602
5602
5602
5603
5604
5604
5605
5605
5606
5607
5609
5613
5614
5614
5615
5616
5617
5617
5619
5619
5619
5622
5624
5627
5629
5632
5632
5637
5637
5638
5640
5640
5640
5642
5644
5644
5646
5649
5649
5650
5650
5651
5653
5653
5654
5655
5655
5655
5656
5657
5657
5658
5661
5661
5662
5662
5663
5663
5664
5664
5665
5665
5666
5667
5667
5668
5669
5669
5670
5670
5671
5673
5676
5677
5679
5681
5687
5689
5690
5690
5694
5697
5698
5700
5700
5700
5702
5702
5704
5705
5706
5706
5707
5709
5711
5716
5717
5719
5719
5720
5721
5721
5722
5724
5725
5727
5729
5730
5730
5730
5732
5732
5733
5735
5735
5736
5736
5740
5741
5741
5743
5745
5747
5747
5748
5751
5751
5752
5752
5753
5753
5756
5756
5758
5759
5760
5761
5761
5763
5764
5764
5765
5766
5767
5767
5770
5770
5770
5774
5775
5780
5780
5782
5783
5784
5786
5786
5787
5793
5794
5794
5796
5797
5797
5800
5801
5802
5802
5803
5803
5805
5805
5807
5807
5808
5809
5809
5809
5810
5810
5811
5813
5814
5814
5814
5815
5816
5816
5817
5820
5821
5822
5822
5822
5825
5826
5827
5827
5828
5828
5830
5833
5834
5835
5837
5837
5838
5838
5839
5840
5840
5840
5841
5843
5844
5848
5849
5849
5849
5851
5851
5851
5852
5853
5853
5855
5855
5855
5856
5857
5858
5859
5859
5859
5859
5859
5862
5864
5865
5868
5875
5876
5877
5878
5878
5879
5882
5882
5882
5882
5888
5888
5890
5891
5892
5892
5892
5892
5894
5895
5897
5898
5898
5899
5899
5899
5902
5903
5903
5903
5905
5909
5909
5909
5918
5918
5921
5921
5922
5924
5925
5925
5925
5926
5926
5927
5929
5929
5930
5930
5931
5935
5935
5935
5936
5936
5938
5938
5940
5941
5941
5942
5946
5946
5947
5947
5947
5949
5955
5955
5957
5957
5959
5959
5962
5962
5962
5965
5966
5967
5967
5968
5969
5969
5970
5971
5973
5973
5973
5975
5975
5976
5976
5977
5978
5980
5982
5983
5985
5986
5987
5988
5988
5991
5992
5992
5995
5999
6001
6001
6002
6002
6003
6003
6006
6008
6008
6009
6009
6011
6011
6012
6012
6013
6014
6014
6017
6017
6021
6027
6027
6032
6033
6034
6035
6038
6038
6039
6039
6041
6043
6043
6043
6044
6047
6048
6050
6050
6051
6052
6053
6054
6055
6055
6056
6057
6058
6059
6061
6063
6063
6063
6063
6064
6065
6069
6070
6073
6073
6074
6075
6076
6076
6077
6077
6078
6081
6081
6084
6084
6086
6089
6090
6090
6090
6093
6093
6093
6096
6096
6102
6107
6107
6108
6111
6112
6113
6116
6120
6120
6121
6122
6124
6124
6124
6128
6130
6131
6131
6133
6134
6134
6136
6137
6137
6138
6138
6138
6139
6139
6140
6140
6143
6143
6144
6145
6146
6147
6147
6148
6150
6153
6154
6155
6155
6158
6158
6159
6160
6161
6162
6163
6163
6164
6165
6165
6166
6167
6168
6169
6169
6171
6171
6176
6176
6177
6178
6179
6180
6181
6181
6183
6184
6184
6185
6187
6189
6190
6190
6191
6192
6192
6194
6194
6194
6195
6195
6196
6197
6197
6199
6199
6200
6200
6201
6203
6205
6206
6206
6206
6207
6207
6208
6209
6214
6215
6215
6216
6216
6219
6219
6223
6223
6224
6225
6226
6227
6227
6228
6228
6229
6229
6233
6233
6234
6235
6236
6237
6237
6238
6238
6239
6242
6243
6244
6244
6244
6246
6248
6250
6252
6252
6253
6254
6254
6254
6255
6256
6260
6261
6264
6265
6265
6265
6266
6268
6270
6271
6273
6278
6278
6280
6281
6283
6287
6287
6287
6289
6290
6290
6291
6294
6295
6296
6297
6299
6304
6305
6307
6308
6308
6309
6309
6313
6315
6316
6316
6316
6318
6319
6320
6321
6324
6326
6330
6330
6333
6333
6335
6338
6340
6340
6340
6340
6341
6341
6341
6346
6347
6347
6348
6349
6349
6350
6351
6351
6353
6353
6354
6354
6355
6356
6356
6358
6358
6359
6359
6363
6364
6364
6366
6366
6367
6368
6369
6369
6371
6373
6373
6373
6374
6377
6378
6379
6381
6383
6383
6384
6387
6390
6393
6393
6395
6395
6395
6397
6397
6397
6402
6402
6404
6405
6406
6408
6408
6408
6409
6412
6412
6412
6413
6414
6415
6416
6417
6419
6422
6423
6425
6425
6426
6427
6428
6428
6430
6431
6437
6437
6439
6439
6441
6441
6443
6449
6450
6450
6450
6451
6451
6453
6453
6455
6457
6458
6458
6461
6462
6463
6464
6465
6467
6468
6468
6469
6469
6471
6472
6472
6472
6473
6473
6473
6474
6475
6478
6487
6489
6489
6491
6492
6495
6497
6501
6502
6502
6505
6505
6506
6506
6507
6511
6513
6514
6514
6519
6519
6520
6520
6521
6523
6524
6526
6528
6529
6533
6533
6535
6535
6536
6536
6538
6540
6543
6550
6550
6551
6553
6553
6554
6558
6560
6562
6562
6565
6566
6567
6567
6568
6568
6569
6569
6569
6571
6574
6575
6577
6579
6582
6582
6586
6588
6588
6589
6591
6592
6593
6593
6593
6594
6594
6594
6596
6597
6598
6598
6599
6601
6604
6604
6605
6605
6608
6610
6610
6611
6612
6612
6613
6613
6614
6614
6615
6615
6615
6616
6616
6618
6618
6621
6621
6622
6625
6626
6626
6627
6628
6629
6629
6630
6631
6632
6633
6633
6633
6634
6634
6634
6636
6636
6638
6639
6641
6642
6643
6648
6650
6652
6653
6653
6654
6654
6654
6655
6658
6659
6661
6663
6665
6666
6667
6669
6669
6669
6670
6671
6673
6673
6676
6677
6677
6680
6683
6685
6686
6686
6686
6687
6687
6688
6688
6689
6690
6692
6693
6695
6696
6697
6697
6697
6701
6701
6704
6704
6705
6706
6706
6706
6706
6710
6713
6715
6715
6724
6725
6725
6726
6727
6728
6728
6729
6730
6731
6732
6734
6735
6737
6739
6742
6742
6744
6746
6747
6747
6748
6749
6749
6751
6752
6752
6752
6754
6755
6755
6755
6756
6756
6757
6758
6759
6761
6761
6762
6762
6763
6766
6767
6767
6769
6770
6770
6772
6773
6773
6775
6775
6777
6777
6777
6777
6777
6778
6780
6782
6782
6782
6783
6784
6785
6788
6789
6790
6791
6792
6792
6793
6793
6793
6794
6794
6794
6795
6795
6796
6797
6797
6799
6800
6800
6801
6804
6805
6806
6806
6807
6807
6808
6811
6811
6811
6812
6812
6812
6813
6813
6813
6814
6815
6815
6818
6820
6820
6828
6829
6830
6831
6832
6833
6834
6835
6835
6836
6837
6840
6840
6842
6843
6844
6847
6848
6852
6853
6853
6853
6856
6856
6857
6858
6858
6859
6860
6862
6863
6867
6868
6869
6870
6870
6871
6871
6871
6872
6872
6873
6874
6875
6876
6878
6878
6878
6879
6879
6879
6879
6884
6885
6886
6886
6888
6889
6891
6893
6894
6895
6895
6896
6898
6898
6899
6899
6900
6901
6901
6901
6903
6904
6908
6911
6913
6913
6916
6917
6918
6919
6921
6921
6923
6924
6924
6925
6928
6929
6931
6931
6933
6934
6934
6935
6935
6937
6939
6939
6941
6943
6943
6945
6948
6952
6953
6955
6955
6956
6957
6958
6960
6961
6961
6961
6961
6962
6965
6965
6966
6967
6967
6969
6969
6969
6969
6972
6976
6976
6977
6979
6979
6982
6983
6984
6986
6986
6987
6988
6988
6990
6991
6991
6992
6992
6993
6995
6998
6999
6999
6999
7000
7001
7001
7002
7003
7005
7007
7008
7008
7008
7009
7010
7011
7013
7014
7019
7020
7020
7020
7021
7022
7023
7025
7026
7027
7027
7027
7028
7032
7032
7033
7035
7035
7036
7036
7037
7039
7040
7043
7044
7045
7046
7048
7049
7050
7051
7054
7054
7055
7055
7056
7057
7059
7060
7061
7061
7062
7063
7063
7065
7066
7071
7076
7078
7079
7079
7080
7080
7081
7081
7082
7085
7087
7088
7088
7088
7089
7089
7089
7089
7090
7090
7092
7093
7094
7096
7097
7097
7098
7099
7099
7100
7101
7102
7103
7103
7104
7105
7106
7107
7108
7109
7109
7110
7112
7112
7113
7114
7116
7119
7120
7123
7123
7123
7124
7125
7125
7125
7125
7127
7128
7128
7128
7130
7130
7131
7134
7135
7137
7138
7138
7139
7143
7143
7145
7145
7146
7147
7147
7150
7150
7150
7151
7153
7154
7154
7155
7156
7156
7157
7161
7163
7163
7164
7166
7167
7167
7169
7170
7173
7173
7174
7176
7178
7178
7179
7180
7180
7180
7180
7180
7180
7181
7182
7183
7184
7185
7185
7186
7188
7188
7191
7192
7195
7196
7197
7199
7200
7200
7202
7205
7205
7209
7211
7213
7218
7219
7219
7222
7222
7222
7224
7224
7228
7229
7230
7233
7233
7234
7235
7236
7236
7236
7238
7239
7240
7240
7243
7244
7244
7245
7245
7248
7248
7250
7251
7252
7252
7253
7256
7256
7257
7258
7259
7260
7260
7260
7260
7261
7262
7263
7264
7267
7267
7268
7270
7270
7271
7273
7273
7274
7275
7278
7279
7284
7287
7289
7290
7292
7296
7297
7297
7298
7298
7300
7300
7305
7306
7307
7308
7309
7309
7310
7313
7313
7313
7314
7315
7315
7316
7317
7318
7318
7319
7320
7320
7321
7321
7323
7324
7324
7324
7326
7327
7327
7328
7329
7329
7330
7331
7332
7332
7333
7333
7334
7337
7340
7341
7343
7344
7345
7347
7348
7349
7350
7350
7355
7355
7357
7358
7359
7359
7359
7360
7361
7361
7363
7364
7364
7366
7366
7371
7371
7372
7373
7373
7373
7374
7375
7375
7376
7376
7376
7377
7377
7380
7380
7381
7381
7384
7384
7386
7386
7386
7388
7389
7389
7391
7391
7392
7392
7393
7393
7394
7395
7395
7396
7399
7400
7400
7402
7402
7407
7408
7408
7410
7411
7414
7414
7414
7415
7416
7417
7417
7417
7420
7421
7423
7423
7425
7425
7426
7426
7427
7429
7429
7430
7432
7432
7434
7434
7435
7435
7436
7437
7438
7439
7439
7439
7442
7443
7445
7445
7446
7449
7450
7451
7453
7453
7455
7458
7458
7460
7461
7462
7463
7466
7469
7469
7470
7471
7471
7472
7473
7473
7473
7473
7474
7474
7474
7474
7475
7476
7476
7476
7478
7480
7482
7482
7483
7484
7485
7487
7487
7487
7488
7490
7490
7492
7492
7493
7493
7493
7494
7496
7496
7498
7500
7502
7504
7508
7510
7510
7511
7511
7513
7513
7514
7514
7520
7521
7521
7522
7522
7522
7522
7523
7525
7532
7532
7533
7534
7538
7539
7540
7540
7540
7545
7546
7548
7548
7549
7549
7550
7553
7553
7554
7554
7554
7554
7557
7558
7558
7561
7561
7563
7563
7565
7565
7566
7566
7566
7566
7566
7567
7567
7568
7569
7572
7572
7574
7575
7575
7578
7579
7580
7582
7586
7588
7589
7594
7594
7596
7596
7597
7598
7598
7600
7600
7600
7600
7602
7602
7602
7603
7607
7609
7609
7610
7610
7611
7611
7613
7615
7616
7616
7617
7619
7620
7622
7623
7624
7626
7627
7628
7628
7628
7630
7630
7631
7631
7633
7633
7635
7635
7638
7638
7639
7639
7641
7643
7644
7644
7645
7646
7647
7647
7648
7653
7654
7655
7659
7659
7660
7661
7664
7665
7667
7667
7667
7667
7669
7670
7671
7672
7672
7673
7674
7674
7675
7676
7678
7678
7681
7682
7682
7683
7686
7686
7687
7689
7690
7693
7693
7694
7697
7697
7702
7703
7703
7705
7705
7705
7706
7707
7710
7710
7711
7713
7714
7715
7716
7717
7717
7718
7718
7719
7720
7721
7722
7725
7726
7726
7726
7727
7729
7729
7731
7732
7732
7733
7734
7735
7736
7737
7738
7738
7739
7741
7742
7742
7742
7744
7745
7746
7749
7751
7751
7752
7753
7755
7756
7756
7760
7763
7764
7764
7764
7766
7767
7767
7768
7770
7772
7772
7775
7777
7777
7778
7778
7778
7779
7779
7780
7781
7781
7785
7786
7790
7790
7790
7790
7791
7793
7793
7793
7794
7796
7797
7798
7798
7799
7801
7806
7806
7806
7808
7808
7808
7809
7810
7810
7813
7813
7814
7814
7815
7817
7819
7820
7820
7821
7821
7826
7827
7829
7829
7830
7830
7831
7831
7832
7834
7835
7836
7837
7838
7838
7840
7841
7842
7842
7844
7845
7846
7847
7847
7847
7848
7851
7851
7851
7852
7853
7856
7857
7857
7857
7858
7862
7863
7864
7865
7865
7866
7867
7869
7869
7870
7870
7871
7871
7876
7877
7877
7881
7882
7883
7883
7884
7884
7884
7886
7890
7893
7893
7895
7896
7896
7899
7900
7900
7901
7903
7904
7904
7905
7906
7907
7908
7909
7909
7910
7911
7911
7913
7914
7914
7915
7917
7920
7920
7920
7920
7921
7922
7922
7923
7924
7927
7930
7932
7934
7935
7935
7936
7937
7937
7938
7938
7939
7941
7941
7944
7944
7944
7945
7947
7948
7948
7951
7951
7952
7952
7952
7953
7953
7954
7956
7956
7957
7958
7958
7959
7960
7960
7965
7965
7966
7966
7969
7972
7974
7974
7978
7978
7978
7980
7981
7982
7982
7983
7983
7986
7988
7989
7990
7990
7991
7991
7992
7993
7994
7994
7996
7997
7998
7999
7999
8001
8001
8001
8002
8003
8005
8005
8005
8008
8009
8010
8014
8014
8015
8016
8016
8016
8021
8021
8021
8023
8024
8024
8024
8026
8028
8028
8029
8031
8032
8032
8032
8032
8033
8033
8033
8038
8040
8040
8040
8041
8041
8042
8044
8045
8046
8051
8052
8052
8053
8053
8054
8055
8056
8057
8059
8059
8061
8061
8062
8062
8063
8064
8065
8065
8065
8066
8066
8069
8071
8071
8071
8072
8073
8073
8075
8075
8076
8077
8078
8079
8079
8079
8081
8084
8088
8090
8094
8095
8095
8096
8098
8099
8100
8100
8101
8101
8101
8102
8103
8104
8106
8106
8108
8108
8109
8110
8110
8111
8111
8111
8111
8111
8112
8112
8115
8117
8118
8119
8120
8121
8122
8123
8124
8125
8125
8127
8127
8127
8130
8131
8132
8135
8135
8136
8137
8137
8139
8139
8139
8141
8142
8143
8143
8144
8144
8145
8146
8146
8146
8149
8149
8153
8154
8154
8155
8155
8156
8156
8160
8160
8162
8163
8164
8164
8166
8169
8172
8173
8173
8176
8177
8177
8178
8179
8179
8180
8181
8184
8184
8185
8186
8187
8187
8188
8192
8193
8195
8195
8196
8197
8201
8202
8203
8204
8205
8211
8212
8212
8213
8214
8214
8214
8216
8216
8217
8219
8219
8219
8221
8222
8225
8225
8225
8226
8227
8227
8227
8228
8232
8233
8233
8233
8234
8237
8237
8238
8240
8240
8241
8241
8244
8245
8245
8246
8248
8250
8250
8250
8251
8251
8252
8252
8257
8258
8259
8259
8260
8261
8262
8265
8268
8272
8273
8274
8275
8276
8276
8276
8277
8277
8277
8278
8278
8281
8282
8284
8288
8288
8289
8289
8290
8291
8291
8294
8299
8299
8300
8303
8304
8305
8306
8306
8306
8307
8307
8307
8307
8309
8311
8312
8313
8316
8317
8323
8323
8323
8324
8324
8325
8325
8325
8325
8327
8327
8327
8328
8329
8331
8332
8333
8334
8336
8336
8337
8339
8339
8339
8343
8343
8345
8345
8347
8347
8347
8347
8354
8356
8357
8357
8359
8360
8362
8365
8365
8369
8373
8374
8374
8375
8375
8378
8379
8381
8381
8381
8385
8385
8385
8387
8387
8387
8388
8388
8390
8393
8393
8393
8394
8395
8395
8396
8397
8398
8399
8400
8402
8404
8405
8405
8406
8408
8408
8410
8410
8412
8414
8415
8415
8415
8416
8417
8417
8419
8422
8423
8425
8425
8430
8431
8432
8432
8433
8434
8436
8437
8439
8439
8440
8441
8441
8446
8446
8448
8449
8452
8453
8453
8454
8456
8457
8458
8461
8462
8462
8462
8465
8466
8467
8467
8469
8469
8470
8472
8472
8475
8476
8480
8480
8482
8485
8487
8490
8490
8491
8492
8492
8493
8497
8497
8499
8499
8500
8500
8500
8501
8503
8504
8504
8504
8505
8506
8506
8510
8512
8512
8513
8516
8517
8518
8518
8519
8520
8520
8520
8521
8521
8523
8525
8527
8528
8530
8532
8533
8533
8534
8535
8535
8537
8538
8539
8540
8540
8540
8541
8541
8542
8544
8544
8546
8547
8547
8548
8548
8549
8549
8550
8550
8550
8551
8555
8555
8555
8556
8556
8558
8560
8561
8565
8565
8568
8569
8570
8572
8574
8575
8576
8577
8578
8580
8580
8581
8582
8584
8588
8589
8589
8590
8591
8592
8594
8594
8596
8597
8597
8598
8598
8598
8603
8603
8603
8604
8606
8613
8613
8615
8616
8617
8617
8620
8621
8621
8621
8622
8624
8625
8625
8630
8630
8635
8635
8636
8640
8642
8642
8643
8644
8648
8649
8649
8652
8652
8655
8656
8659
8660
8660
8661
8661
8662
8662
8663
8663
8663
8664
8665
8665
8667
8669
8670
8671
8671
8674
8674
8675
8676
8676
8677
8677
8678
8679
8680
8683
8683
8684
8685
8686
8687
8688
8690
8691
8691
8692
8695
8695
8698
8699
8699
8700
8702
8702
8703
8703
8704
8707
8713
8713
8713
8714
8714
8716
8719
8722
8723
8728
8730
8731
8731
8733
8735
8735
8737
8740
8740
8741
8742
8742
8744
8744
8745
8747
8750
8753
8755
8755
8757
8758
8759
8760
8761
8761
8761
8762
8762
8763
8764
8765
8767
8769
8769
8769
8776
8777
8783
8785
8786
8786
8786
8786
8786
8788
8790
8790
8795
8796
8796
8797
8797
8799
8800
8801
8803
8803
8803
8804
8805
8806
8807
8809
8809
8811
8811
8812
8812
8815
8817
8817
8819
8819
8820
8822
8823
8823
8824
8825
8825
8826
8826
8826
8826
8826
8828
8828
8829
8830
8830
8832
8832
8833
8834
8834
8834
8834
8834
8835
8836
8836
8836
8837
8837
8838
8840
8840
8841
8841
8843
8844
8846
8849
8850
8851
8851
8852
8852
8853
8855
8859
8860
8861
8862
8862
8862
8863
8864
8864
8866
8869
8870
8870
8870
8871
8872
8873
8874
8875
8875
8878
8880
8881
8882
8884
8885
8886
8887
8887
8889
8890
8890
8891
8892
8892
8893
8894
8894
8895
8897
8898
8898
8898
8898
8899
8899
8899
8899
8900
8900
8901
8901
8903
8904
8905
8905
8907
8907
8910
8911
8912
8913
8913
8913
8915
8915
8917
8917
8918
8918
8919
8921
8923
8924
8925
8925
8926
8926
8926
8927
8929
8929
8930
8931
8934
8934
8934
8935
8935
8939
8940
8941
8942
8946
8947
8948
8948
8950
8953
8953
8958
8959
8961
8961
8962
8963
8963
8963
8964
8967
8969
8972
8972
8973
8973
8975
8977
8979
8979
8981
8983
8984
8985
8987
8988
8990
8990
8991
8992
8992
8994
8997
8997
8998
8998
8999
9000
9002
9005
9005
9010
9011
9012
9015
9015
9016
9018
9018
9019
9021
9025
9025
9025
9027
9027
9027
9030
9032
9033
9034
9034
9034
9034
9034
9035
9035
9035
9036
9037
9037
9040
9040
9041
9041
9043
9045
9046
9046
9046
9046
9047
9048
9049
9049
9052
9052
9052
9053
9053
9054
9055
9056
9056
9056
9060
9061
9062
9062
9063
9064
9065
9066
9067
9068
9068
9070
9070
9072
9074
9075
9076
9077
9078
9079
9080
9080
9081
9081
9082
9083
9085
9085
9086
9088
9090
9091
9093
9093
9094
9095
9095
9097
9099
9100
9103
9103
9106
9106
9106
9107
9112
9113
9114
9116
9116
9120
9120
9121
9121
9121
9123
9123
9124
9125
9126
9132
9132
9132
9133
9133
9133
9135
9137
9137
9137
9137
9139
9139
9140
9140
9141
9145
9145
9146
9146
9146
9149
9149
9150
9150
9151
9151
9153
9157
9158
9161
9161
9161
9164
9164
9165
9165
9165
9170
9170
9172
9172
9173
9173
9176
9176
9178
9180
9181
9184
9185
9185
9185
9186
9186
9191
9192
9193
9195
9195
9198
9200
9201
9202
9202
9202
9204
9206
9206
9207
9208
9209
9210
9211
9212
9215
9215
9216
9218
9218
9223
9226
9227
9227
9230
9230
9231
9231
9233
9233
9237
9239
9240
9240
9241
9244
9245
9245
9245
9247
9247
9247
9247
9249
9249
9250
9250
9250
9253
9256
9256
9258
9258
9259
9261
9262
9262
9263
9264
9264
9264
9264
9265
9265
9266
9268
9268
9271
9272
9273
9274
9274
9275
9276
9278
9278
9279
9281
9281
9283
9286
9287
9288
9289
9289
9291
9291
9292
9296
9297
9297
9300
9301
9302
9302
9304
9306
9308
9309
9310
9310
9311
9316
9316
9316
9318
9319
9319
9320
9324
9326
9327
9327
9329
9329
9335
9338
9340
9341
9345
9346
9348
9348
9349
9350
9352
9353
9355
9358
9358
9359
9359
9360
9360
9360
9361
9362
9362
9364
9365
9367
9367
9369
9370
9370
9371
9372
9372
9372
9373
9374
9374
9374
9375
9376
9377
9377
9380
9380
9381
9382
9385
9386
9388
9388
9388
9392
9393
9394
9395
9395
9395
9397
9398
9398
9399
9400
9402
9402
9402
9404
9406
9407
9408
9409
9410
9411
9411
9412
9413
9415
9416
9416
9417
9421
9423
9424
9425
9427
9427
9430
9430
9430
9431
9431
9433
9433
9435
9438
9439
9440
9441
9441
9442
9442
9445
9447
9447
9448
9449
9449
9450
9452
9454
9455
9455
9456
9457
9458
9459
9462
9462
9462
9463
9464
9465
9465
9465
9466
9467
9467
9468
9468
9469
9470
9471
9472
9473
9474
9479
9480
9481
9481
9482
9482
9482
9484
9484
9486
9489
9489
9489
9492
9492
9493
9493
9494
9494
9494
9495
9498
9500
9501
9502
9503
9505
9506
9506
9508
9508
9510
9510
9515
9515
9516
9516
9517
9517
9520
9521
9521
9525
9526
9526
9528
9530
9530
9530
9533
9534
9534
9535
9535
9536
9537
9538
9538
9539
9539
9539
9540
9542
9542
9543
9543
9543
9543
9546
9546
9547
9547
9548
9548
9549
9550
9551
9551
9553
9553
9553
9553
9555
9555
9556
9556
9557
9558
9558
9560
9561
9562
9563
9564
9565
9565
9565
9566
9569
9569
9569
9570
9570
9571
9571
9574
9574
9576
9576
9577
9577
9578
9580
9580
9580
9581
9583
9584
9584
9586
9586
9587
9587
9590
9591
9592
9592
9593
9594
9595
9595
9596
9597
9598
9601
9602
9603
9604
9604
9605
9607
9608
9609
9610
9611
9611
9611
9613
9614
9614
9615
9615
9615
9618
9618
9618
9620
9621
9623
9623
9623
9625
9625
9626
9626
9626
9627
9627
9627
9628
9629
9634
9635
9636
9637
9637
9640
9640
9641
9644
9647
9648
9650
9650
9650
9651
9653
9655
9655
9656
9657
9658
9659
9661
9663
9664
9664
9666
9666
9667
9669
9669
9669
9670
9670
9671
9671
9672
9673
9675
9675
9676
9676
9677
9679
9682
9689
9689
9689
9689
9690
9690
9692
9693
9696
9697
9700
9702
9703
9705
9705
9705
9706
9707
9707
9707
9708
9708
9709
9709
9711
9711
9712
9714
9714
9714
9715
9718
9719
9720
9721
9721
9721
9723
9724
9724
9724
9725
9728
9730
9730
9730
9730
9732
9733
9733
9733
9735
9735
9736
9736
9736
9738
9739
9741
9741
9742
9743
9744
9744
9744
9744
9749
9750
9751
9753
9755
9756
9758
9760
9761
9762
9762
9762
9764
9764
9765
9765
9766
9767
9768
9771
9772
9773
9773
9774
9777
9777
9777
9777
9777
9777
9778
9778
9780
9781
9781
9783
9783
9783
9784
9785
9786
9786
9787
9788
9789
9790
9791
9797
9797
9797
9798
9800
9805
9806
9807
9807
9808
9809
9809
9811
9811
9811
9812
9813
9813
9814
9814
9815
9816
9819
9819
9820
9820
9823
9828
9830
9832
9832
9833
9834
9834
9834
9836
9837
9840
9840
9841
9842
9842
9843
9846
9846
9849
9850
9850
9851
9853
9859
9861
9863
9863
9863
9863
9864
9864
9866
9866
9867
9867
9870
9872
9873
9873
9876
9876
9878
9878
9879
9880
9880
9881
9884
9886
9886
9887
9887
9888
9888
9891
9891
9892
9892
9892
9893
9893
9893
9893
9894
9895
9897
9898
9898
9901
9901
9902
9902
9904
9904
9904
9905
9906
9909
9910
9912
9913
9914
9916
9918
9919
9920
9921
9922
9923
9924
9924
9926
9928
9928
9929
9930
9934
9934
9938
9938
9940
9942
9943
9944
9947
9947
9950
9950
9952
9952
9953
9956
9960
9961
9961
9963
9964
9964
9964
9965
9967
9968
9968
9969
9970
9971
9971
9973
9974
9975
9975
9977
9978
9979
9984
9985
9985
9986
9986
9987
9987
9988
9989
9991
9994
9994
9996
9996