4638
495
6364
8485
4094
2135
4227
9402
8390
5085
8177
5415
5168
4423
8763
8405
9702
6904
4821
2628
2852
3287
5065
4275
6498
2354
1199
4320
768
2002
3193
3777
4083
3008
9326
674
3983
4681
2250
1263
6101
9070
7059
757
8624
815
4159
4580
4506
3754
1380
8663
2820
9054
9217
375
5318
4932
235
7997
1747
1632
7610
2663
5713
8341
4630
1741
5063
807
396
788
2440
4021
8661
2162
7376
4246
9656
7251
8172
4946
5342
1644
2798
7957
1687
8334
9809
8896
2060
3549
7450
1569
885
114
5792
4196
7356
7406
1134
8377
6033
8975
2598
6392
6270
3496
6328
8195
7470
1356
9171
6651
8090
1771
2523
4517
1573
3520
988
2781
2649
7402
9566
2796
9952
4586
6074
5207
3496
8508
7867
8568
5521
8330
1720
2337
9624
8205
7793
6686
8185
4405
8072
1962
8528
6059
835
6565
9105
5573
9199
3124
8266
5562
5495
5145
9045
1574
2100
5701
2098
1008
2807
8635
6356
2859
4278
2167
7674
4858
8723
9823
2449
4343
5395
8137
2009
3877
2285
2477
6277
100
7505
9548
3319
1925
4508
8993
7995
2544
441
1398
4818
5986
6441
3611
3330
2538
2999
1427
8588
2678
7941
8255
6511
3386
8219
431
3099
8017
7762
9478
3448
1446
5531
9677
4199
2741
517
5259
6698
2158
8687
3251
832
6874
8362
1838
5139
8849
1635
1516
6982
475
4448
3173
9449
6949
7417
7188
47
5319
1097
9798
3810
8227
1156
2528
9285
2145
4843
8175
3417
2121
2686
835
1300
2224
1106
2207
2240
4774
2195
1834
9456
2175
4651
1849
3176
258
9348
4753
8621
3278
5227
8984
8923
5027
6053
9579
7862
1088
3446
2517
9250
2873
2079
8959
5527
1243
6312
9683
3455
6499
3247
7637
6290
4059
6831
9332
5205
8967
1397
861
9966
7280
8799
5889
4874
702
150
936
3971
9483
2461
6374
2588
3589
7530
3821
7567
4421
5796
9780
3210
14
8846
4950
2516
5831
9444
3981
3110
3005
4739
5712
8280
2291
4030
5451
8889
7307
7166
9167
868
8522
7129
1145
191
4951
726
1319
7926
3972
8784
8553
5991
1744
4073
2884
4079
1243
49
3004
2837
1036
4343
899
3141
5632
1615
4845
5488
8404
6309
9303
2721
7285
5633
8775
4419
3605
1612
1509
9090
625
3601
2602
1888
2384
3335
1319
8905
1935
1919
3082
7624
3227
7897
4941
1643
8047
5819
5632
7557
1823
3348
2232
1218
5507
8030
7287
4928
7704
1155
9677
4461
4067
1522
143
3819
1368
993
5992
6907
2970
4661
5278
9081
8484
9648
1590
7332
7095
9386
1610
8049
1365
2307
4074
6192
2509
1784
9713
2511
4136
4116
6969
7725
8036
8457
8865
7538
6862
5199
5102
1678
694
827
5664
8879
8909
2100
455
198
5458
1395
5429
5516
2334
5465
7878
7761
2732
6230
5165
5254
4061
9046
2529
7948
4154
2190
8072
1628
1307
3432
3778
3256
4873
4843
6393
7057
9183
4319
9143
6683
9238
3871
4745
4110
3233
4431
8083
6959
2966
3648
8836
4078
1838
4450
4123
8945
1934
682
4842
273
343
356
4074
9203
4860
8539
4624
8185
1650
8086
6654
7978
5820
5173
8829
2512
2375
6301
1593
4032
3427
8191
925
8272
6100
928
1985
6516
3240
6532
2337
489
1114
5501
4976
5221
662
8387
1901
734
2926
1748
8917
8955
8780
2142
1961
6072
1273
3657
5009
8446
8381
1419
7712
9954
1448
4567
506
7373
2288
6982
5956
9356
2268
8344
2395
1768
4641
1036
9240
472
3898
4670
1555
3702
1278
5185
1733
9136
2941
1182
786
6112
2746
3995
6022
8542
6752
5247
1007
2979
1182
6677
8252
2322
3956
4928
9172
5747
8739
2238
9274
5999
5888
1711
1584
8291
8825
423
1818
2718
1899
9042
2148
7693
3796
5064
1526
1818
9620
1106
39
8481
7145
7676
1248
7667
2299
9546
7842
3277
2789
688
2410
1515
22
7053
4020
9706
7591
5848
3663
2364
3101
5662
943
7535
6689
106
9368
3168
862
8534
10
1004
6986
1136
5816
967
2153
289
5101
9696
7279
4186
2369
6821
7861
7600
2504
9683
3326
4091
2028
9217
6841
3257
1484
3661
6169
4776
9077
6039
8324
3251
3024
4125
8169
3932
3372
1702
2646
3499
7342
4019
9513
3478
3414
1779
5237
4050
371
6406
2439
7960
2217
20
1081
5068
6706
4383
406
9370
2420
3942
8591
6466
6418
636
510
2038
8645
1112
1642
9312
5116
14
4682
1178
3121
9086
9485
3656
5118
7275
8153
9368
8383
1583
5283
5358
4778
6157
8847
8825
5549
4295
6983
410
6151
9777
1713
1606
4138
4342
204
6122
5903
5129
332
4542
2378
4270
3911
6397
6703
6139
1582
403
9685
9081
416
2184
795
7423
9899
2717
1321
6273
4788
8340
647
2773
3529
7893
1203
1062
6438
3342
2415
8796
4661
1003
5386
3996
3321
6038
9248
8828
1724
3329
1364
7754
1719
3553
1245
8605
6019
6333
9742
7420
7566
7304
6955
62
6672
1867
6201
2082
4414
1414
453
4127
2686
9864
4120
9454
1260
142
3801
4855
2701
6744
6435
5674
4866
5106
7848
1040
319
5762
3063
3648
9612
9837
2890
229
5900
831
1571
8272
2477
7338
6584
1755
79
606
3868
7438
8
4523
1104
8485
2679
4963
6762
3745
2567
6899
3717
8046
8263
8339
9609
5397
6728
2268
2124
7683
3862
5034
5833
570
4938
834
8768
454
2095
1813
5999
3107
6117
3253
3295
4893
8786
1400
1985
1239
3503
3851
8891
7696
7666
2201
8254
1475
7912
4716
8026
6671
3862
9363
2516
8278
4847
2645
9126
985
7416
5012
9656
6148
9338
6965
510
4006
2200
6880
2289
4724
5090
835
339
3439
9769
6731
1181
3522
9205
5558
6427
4496
3251
579
1227
3534
3986
5611
2241
6093
6000
6372
63
155
6464
4547
8739
9434
7520
9634
6705
9137
9016
9282
259
1777
7093
4883
3886
8779
2614
4193
1783
2144
38
2849
4886
1305
1180
9757
9626
2200
6768
3932
220
3247
7487
5910
3672
6768
6161
5302
2042
9476
2936
1649
9477
4591
1116
2550
2410
1780
8885
1046
6551
1510
120
3286
1422
9391
8453
1667
4183
7716
2688
5909
9208
1912
3903
1991
6228
8047
7428
8630
2882
6342
3244
1415
5744
1282
7366
7502
3336
5430
3032
4797
9042
4778
3439
5338
377
5656
6565
1716
1282
4727
7384
2391
3882
2702
1480
4749
3184
7297
5745
71
2659
400
3370
317
9277
4929
9261
7683
9328
8234
6040
685
2800
7811
8899
2628
9074
9100
548
1305
5986
2843
6831
6409
9947
537
6418
4401
9315
9453
656
6420
8117
680
4411
1115
1683
7827
8103
140
3595
5990
7629
9439
5529
155
6686
6188
5374
6019
1401
1785
1984
9815
9359
99
8114
7633
4724
7723
5253
4203
4056
179
3774
9048
39
360
2570
1490
4782
402
9888
100
9023
8346
9094
8873
406
8924
3223
8309
1629
2141
5427
5379
3950
3006
7943
4574
5607
6978
6862
451
5730
7420
4696
4662
1589
5629
1867
9413
8072
2029
8039
7563
2949
183
590
1942
6021
1146
4340
3466
8008
1308
9395
1254
1941
4850
4002
4776
7011
990
6935
781
7814
2696
4795
7820
207
2753
3037
6004
1869
2595
2889
8210
8105
1517
5738
9320
1841
3342
6525
6282
4978
9247
6665
5610
4251
1686
2476
4487
3920
1304
9655
9762
7564
2431
2989
6113
3003
8589
5400
7655
2423
3247
893
1939
4689
7173
2721
7416
4067
7873
891
2685
9555
9710
1403
294
2458
8051
9020
19
4517
1560
4439
8408
7356
2152
7048
2733
290
3784
740
2742
1101
5303
3515
7013
4406
1302
6651
1854
1250
1738
789
3132
9186
240
244
4674
3256
4816
3675
3285
5724
5349
2093
4184
1918
332
2515
9240
4956
7243
538
553
7158
7492
5532
1760
7696
5241
4032
242
9832
9346
6724
1981
5593
3870
1209
6262
2926
3030
1487
4563
1499
2824
355
2074
9401
82
8247
4490
7553
8893
4897
5128
9435
3181
566
7340
8199
2422
9369
3869
5835
2513
1438
8122
9230
191
7556
91
5636
1149
818
8663
9003
5160
9425
2439
9238
4691
3643
171
5672
2455
9154
9723
7428
7611
1716
3281
2130
4532
3021
469
3172
462
989
8809
2058
1516
3932
7639
674
3964
8876
1527
6900
1790
894
5925
4285
1015
4183
6339
5643
9905
36
8506
7449
1733
6459
6407
602
1516
580
5300
875
4290
1976
1364
9236
6716
1913
1299
2448
7515
2339
1933
2590
8706
6050
4094
9750
7157
5891
346
6992
4242
9503
3166
9233
68
53
1910
7303
7109
9031
4528
328
9732
2616
1473
5734
8456
4
984
7717
1412
9505
3184
4976
4619
3109
489
8729
4789
5336
3448
9056
9491
5371
6301
9333
2847
5529
5046
9121
3304
7821
3539
3570
5469
3364
4890
6950
2119
1940
284
5595
5436
1981
2487
1699
4802
9983
5101
3901
8528
2397
5893
4370
699
3457
2497
4958
2176
7535
3904
4448
5884
558
9700
9459
9284
7988
198
5325
2418
4545
4776
8616
6782
3616
4348
1904
5550
8745
7140
3068
4862
267
4601
6976
9475
968
5552
5666
332
192
7706
7643
1658
7779
1291
4737
9138
9105
8813
3731
9553
8180
3717
6133
7280
2641
1638
3468
1415
5627
5029
4684
454
2680
1021
6880
4610
9272
5716
6137
5933
4771
7437
7340
154
9714
6879
1269
7631
4338
7751
7616
7515
3524
1114
5385
634
9528
7293
242
743
2091
3640
6790
6609
3918
4967
1131
2529
7738
2451
3405
539
2016
5218
905
8531
758
3178
8807
2002
4623
9628
7324
8553
4793
1886
8734
6261
3598
7081
7577
132
995
7061
2545
6503
4341
6321
2745
6840
1588
4439
2388
5885
1520
3231
7211
5598
2228
1651
3918
6900
9744
4356
5774
8706
9292
2939
890
2681
4713
2370
7864
7206
2122
1364
7463
3487
7619
3329
706
478
8513
6807
360
44
3418
2030
5562
7794
5142
4674
3828
1612
1726
215
9087
2271
9556
3160
1686
285
515
7360
1160
614
4953
6301
7710
5553
2434
1537
1038
1867
3126
6667
2479
1263
1158
2229
7837
1512
211
2143
879
2835
1440
8317
4887
4568
5049
5117
6074
5177
260
6315
4561
5564
8662
840
1807
8102
3545
2088
2964
8761
6973
4811
6257
5199
5965
4510
9117
6935
6772
7635
9768
4672
3071
9838
6766
7476
9396
594
6894
2567
2675
1867
6667
2751
1052
5933
626
1174
1793
1725
9981
6093
8525
4014
1560
2148
5142
7920
451
808
2159
3940
7543
332
5809
4322
2588
5595
3147
3358
6569
5068
8104
2249
9278
8360
7920
3444
2927
9448
5793
26
8786
3666
5951
3502
6139
9813
2073
1571
9925
9826
9566
299
9140
1503
4928
1378
1720
86
9321
8092
8181
5475
203
7451
8465
3438
924
5525
7054
2245
7473
9398
5880
6766
8810
4483
5633
7771
2383
2943
1596
14
7417
5168
7382
672
1780
3444
3963
365
2323
4225
1624
5682
4869
4138
6269
6218
9719
9705
4774
4596
9306
2313
8202
6169
6358
1843
2499
3005
3311
9580
8255
1188
8294
8988
1910
6039
5492
8562
1693
6871
6259
406
4683
7761
2381
3503
9002
7027
2585
1030
1904
2334
7074
2379
9727
1980
315
9687
7081
2676
7105
9090
6968
347
4479
8645
5788
445
8504
370
2182
3837
2160
8963
5798
8425
2491
5105
1712
8914
267
8230
7684
2538
2644
500
4862
2559
3794
4103
7611
5815
2093
217
7997
2124
2412
7477
8896
8602
3800
9806
5278
3750
7986
4208
224
1794
2104
1335
5415
8718
436
2015
3706
5857
117
412
7824
4521
6834
7627
4672
8863
2684
6233
8647
8334
5459
8034
9002
8165
7676
6172
6797
123
8626
6902
3875
3859
4827
4651
2630
7072
2156
2315
1146
3115
751
1451
6029
8275
9171
9244
3970
131
2757
4314
6654
122
6686
2086
1762
8663
9741
8838
5754
260
5895
7019
9477
789
8652
5876
151
96
9724
7201
4603
8079
2505
1322
8397
2484
4702
9920
3559
876
3344
6164
9562
4120
6085
616
2415
1496
2915
2771
974
4184
1305
3753
415
6159
6580
3129
5200
469
8827
7800
5494
8086
4955
9487
5351
2373
2554
7073
9384
6994
7718
1856
5346
6286
574
1056
1322
1007
7892
8539
1713
6783
529
2742
7961
2650
7689
5668
4810
6360
4849
6154
3123
3415
8222
2083
3285
5885
7711
4565
9740
716
2462
8756
9023
2535
1235
2821
6731
3412
8682
6774
4267
131
1702
8844
203
3118
8838
44
6444
2496
102
750
4682
1755
2969
7007
93
293
390
1014
8045
5523
3009
8137
1577
873
8843
9009
2010
2336
8140
8172
899
2857
8816
8897
348
594
5728
5641
7376
6326
3827
2060
4179
2665
3172
6057
7944
8357
4966
5947
5601
8462
2565
5800
5496
6493
3871
1931
111
8811
1363
7333
2611
7388
3864
655
7798
4446
9073
211
2540
7394
4959
7004
1814
5882
3352
2795
6670
3860
2743
875
3298
6758
9348
3144
2004
2218
8182
8651
4641
5740
9525
617
1905
4402
5765
9389
463
6987
5664
4338
6681
7963
1059
4486
9066
246
1340
7452
1446
4378
1954
6528
9910
7810
8725
7168
8293
5289
8872
4377
1561
6204
2653
5520
5558
2835
2063
1283
2448
5169
2837
8670
511
4089
454
9858
840
308
1048
2019
2346
5744
3294
81
9334
5355
2769
4938
8594
7809
8893
1837
6415
5154
240
2370
8010
8184
5535
4505
7440
583
6777
9456
3478
85
4560
2152
4392
6956
8629
9626
9248
7582
6083
694
7817
8841
703
1885
3108
1835
1966
7440
5403
7719
3400
8791
6277
1432
347
3671
7017
2230
3139
3006
6534
6823
2793
7921
4866
1256
4618
696
8001
7772
4873
3975
6729
6819
1223
737
8003
8751
4898
9576
2613
899
6556
3544
7806
125
5902
5381
2337
3749
1964
6769
6598
662
8730
4627
6989
1677
1791
6789
3189
7984
2841
9212
2556
786
1874
2589
6487
8196
2497
7550
6180
9101
6372
5451
7086
4524
221
2683
5217
6189
8298
2722
4863
1755
7338
1719
611
1334
1772
6761
3667
5381
8394
445
9675
8573
743
1371
7736
5298
3732
8187
434
4141
1129
6170
9037
6992
3794
2305
9825
2470
503
1207
1257
8510
6049
7862
3466
5209
6730
2300
1493
3681
4101
931
2046
957
9230
1074
9661
4514
4498
1989
3749
5245
9650
187
8387
9838
1268
1263
2681
8455
251
8170
4444
3126
1992
5398
8411
3998
3840
6230
2993
4861
9456
4836
1517
3353
6511
1290
8911
5788
2083
8678
694
738
5767
360
3064
1937
6987
9181
961
1880
5292
6849
1824
8827
6454
8657
7886
4734
4663
3135
3232
4688
8117
1081
2287
8586
3379
7212
6407
2855
1776
4420
7116
4663
7697
6840
5268
3183
2224
8740
5888
2355
8388
6086
2300
7094
4883
3949
2218
4625
5766
1503
3242
4418
6204
7803
3678
8583
97
4094
9034
476
256
137
5057
4625
5895
5378
398
4496
9642
3530
4880
2429
5611
320
3514
3199
5192
8500
9625
5518
4261
9886
1095
1869
6764
6816
2896
985
1314
25
5187
8899
8363
4892
6139
6715
4129
7328
8127
5053
7137
6361
4935
9297
1879
9591
4608
669
6684
1517
7905
9438
6108
4133
831
3111
4237
1921
2270
2536
6684
1461
1993
7699
9402
8036
7107
6123
5015
1337
6863
590
9534
9255
5406
2021
4354
8466
7927
6825
3895
1424
9979
4744
2276
6762
2457
5240
8295
3367
8175
7387
9177
4923
8083
1940
836
9835
9825
2681
8946
9957
6518
6794
280
686
6300
9841
1811
5419
5622
7242
2753
5860
6655
5509
2580
9286
254
6377
7234
617
5949
7099
5073
9761
8058
4943
9825
9768
1277
9167
4090
268
2971
4218
8055
3877
4443
6638
803
3449
279
8521
3347
8915
1093
444
1844
7122
7238
5665
4583
2350
7742
7871
1194
8161
8022
2124
458
3763
799
4690
7461
4950
6376
3365
8468
2963
81
932
8424
3924
1520
3821
997
1124
1572
4598
973
2980
5161
3273
5262
3696
828
3312
446
7905
2815
6082
8213
5268
2846
4076
6621
9515
2851
4068
8518
1298
3047
8650
7853
1045
4938
9023
5181
5007
4262
4266
6950
5174
47
393
3885
1766
365
8901
741
2379
4316
1514
3804
5875
2531
1253
9673
7843
21
8878
437
9753
8293
360
39
4610
4861
3799
2309
2301
2145
6546
1767
383
8351
9240
1998
7352
1098
295
8837
2262
2071
8603
2103
1928
4551
7557
801
1110
1478
4140
2313
1808
5891
1272
2016
1716
4353
1612
180
1188
8862
7011
3497
7047
3570
3055
8072
3230
8426
558
2040
3833
2662
5790
2141
684
3183
1730
9198
6093
5085
2758
3003
6767
1032
2303
1359
7827
3518
6951
1826
6301
3172
7575
3523
7509
7936
6101
276
1392
7335
1857
965
4510
1410
843
5414
2453
8902
9927
135
5166
212
3123
9986
9310
1262
2408
1724
1240
2891
9791
7208
4256
8957
3094
1005
4179
9649
899
5401
4742
695
6537
1237
700
5139
1481
7578
7388
8995
7402
7732
770
9425
4652
439
8869
2011
4553
9008
3081
49
3901
445
886
6911
295
1183
2296
3949
3761
1007
6472
3731
4349
2863
8251
3872
288
8450
8698
5869
2356
5582
8178
6797
7784
2929
8556
1064
8042
722
4544
8537
9608
9817
2933
1156
547
9842
2700
6507
4790
510
686
9555
2454
5323
2003
4675
7033
3077
501
9821
396
1660
3796
672
3984
6792
9003
4093
6820
2154
7955
7864
7193
6069
4663
930
8162
6077
3527
37
9578
7023
7936
3631
4347
9713
7932
578
812
7899
8903
3499
699
3414
5794
2594
8507
1684
6219
6353
7775
1905
2940
7353
6264
4104
4018
2289
6555
9529
4049
3217
4743
6121
3527
3774
9237
4906
4846
3350
8976
3517
6454
4671
6456
2677
6243
1146
4866
798
9266
3758
6898
4654
4721
6755
4684
1290
8160
1947
6550
3148
3603
3464
690
2004
9209
8458
8203
317
4386
9031
7134
8530
4924
6224
8892
6288
4510
8114
364
413
2585
4570
358
89
8588
93
1341
6388
3463
8967
6381
433
1587
5233
1622
6873
416
5737
2502
6979
1022
6861
222
7394
5296
3399
478
7167
5565
6784
5027
4809
5369
6638
8962
3979
964
128
6149
5085
5521
300
8917
957
1306
646
1688
8783
7330
1556
9726
2626
2059
351
3127
7030
5001
2093
7255
6011
7207
1949
972
6891
6024
1234
8159
2635
2801
5588
41
2765
3605
5251
4441
2074
5056
1629
2675
1022
6585
4210
3178
2148
3170
1751
2833
4052
689
7784
8207
9595
68
4369
3041
2026
9408
6446
804
8449
6187
5009
4980
4509
1739
5476
638
7215
9038
8848
8013
1039
1259
7117
8035
5441
7321
4811
6277
3703
5455
1072
6957
5239
380
1843
2634
5278
6824
1017
7162
1589
506
4590
3947
6788
395
519
1535
356
9514
3397
8766
441
3650
1579
6880
2943
314
9252
9723
9220
9915
7679
4537
807
7207
2605
6638
336
4327
3277
9369
5536
742
7572
953
5770
3725
5043
2402
3250
8350
8948
8719
6068
8037
5718
4170
1176
9083
3529
4922
2469
61
1211
3853
244
9677
9157
8502
3351
1655
2208
9736
7081
7479
3164
1028
7319
633
6065
2079
6496
7473
6839
2680
6153
9612
3844
7304
7204
5094
3140
187
7777
6637
2094
7982
805
2518
5508
7162
7403
7759
6379
2448
6329
1365
4844
4692
1460
6471
5722
2351
1238
1642
980
6480
3087
1087
4318
2787
1401
946
4011
9317
3633
2371
4174
1879
1987
8826
4402
5345
5268
8039
2245
4632
1158
1416
2060
4563
5144
3039
4035
4106
9164
3987
181
2512
4494
8853
8923
4531
4689
6534
1880
9905
5451
3672
884
7902
4900
6226
1782
9571
1115
9879
8616
9753
5530
3945
2998
5974
5020
1353
615
1175
2507
467
5824
5887
9390
2984
3493
9391
1299
124
145
567
1113
6162
775
8587
3970
708
6170
9081
1575
7111
9418
1450
6717
862
112
8056
1894
7182
2957
9263
2347
1570
2494
5510
6488
3840
50
7792
6008
7275
4782
8174
4355
4682
3057
5575
5861
3865
980
5211
4673
2783
3701
3540
6998
2448
1828
8190
9040
1668
3676
4249
4770
4456
6278
6845
1427
9923
7435
5869
9671
4683
2201
3390
2448
521
984
682
1619
7354
2205
9248
3664
9159
5631
1711
269
3512
5304
7555
8354
6245
7741
1118
1946
8045
2002
8075
6776
1722
2376
4399
8152
6340
7544
7905
2984
6949
1237
363
4534
5661
6269
1809
428
2184
4496
3522
2666
7228
1973
8349
6962
6023
8008
5030
3818
5161
3224
1176
9261
8941
6721
6029
8931
1838
5765
1660
1555
920
80
8483
3974
6108
3868
6229
2077
5320
4706
2245
4709
2374
6466
1028
6154
5332
6917
1320
1947
388
7777
4685
8076
7732
4669
816
4497
6369
2246
8394
682
4136
1665
3545
2617
7150
7201
7941
7116
2944
251
7490
9159
557
9999
7073
1378
4946
7564
8892
131
4982
6693
7090
6573
3464
8310
8991
3417
2421
3876
2864
1507
1983
2495
8694
6457
9002
1670
2329
976
8649
5781
1806
2088
7912
4352
4524
3312
7627
5396
7899
1020
1959
5276
6206
5030
3487
9314
2659
2036
3619
1814
5321
3177
9059
6964
7249
9262
3018
9713
1336
1553
8009
8294
2388
5646
7249
1760
6908
8494
9814
5447
2061
2270
5472
7565
874
3425
6067
10
5796
5544
881
7654
5339
6225
9182
9046
1635
8110
6149
4203
698
8136
282
2679
5530
2531
8671
7793
1546
1459
2698
8939
5273
383
6967
6338
5422
8662
6986
2309
8089
4143
3496
5562
7982
5349
2615
3374
7220
3395
9875
588
6105
9708
9474
639
3240
8750
2346
1835
1245
8136
8385
8377
1608
2410
6261
5873
7969
9035
2942
8781
8331
4113
817
7371
2107
476
1606
6932
1243
1588
4044
1979
5338
4949
507
4536
9399
8088
4042
2005
5374
1380
3730
2456
4241
8708
6003
6419
427
5306
2614
1576
2721
5044
5026
9185
2058
5695
4851
9055
5585
1402
4104
5761
4440
6700
284
1848
9759
408
663
5161
1557
3743
4805
3922
6525
7414
1672
2496
197
7931
1129
7968
4868
7074
6677
1380
8738
6485
7494
4201
5069
5931
8335
3591
7705
4728
7692
5176
3015
8886
873
1357
3977
4705
8594
1709
9220
9977
8811
7359
8471
5988
2833
347
3019
883
849
4764
1308
790
9431
4712
3624
514
2313
7555
453
8497
5301
6704
9735
4474
1704
3226
9538
675
4065
1570
2189
6693
1334
234
232
6559
4053
8994
63
461
6525
9952
2719
6250
1470
5285
5353
6564
5518
6782
9029
1631
7662
6504
5129
4205
8557
1064
8937
2220
4939
7145
5473
96
3216
1847
3185
5347
4797
3772
6296
5882
9987
7993
6948
1898
6403
5736
3465
8811
9191
6367
6337
4683
239
2535
7346
5654
1358
4974
6662
9605
3078
1658
9287
1572
4032
7199
7129
7753
4289
2435
2189
2225
346
4207
691
9229
6239
1001
6879
2526
5706
5680
8000
7900
8784
9575
877
6941
8404
2726
5456
2788
7867
1757
184
3048
8960
4490
4585
6103
3737
7853
1783
651
2314
5418
2739
1132
9432
8367
852
3525
272
4519
6202
1227
4425
5822
384
5035
824
4662
1856
5891
9603
905
427
9765
7703
6192
1865
2424
8029
8019
365
8399
3435
4418
7372
189
6423
3011
6352
6473
930
5261
1385
3231
1346
9061
707
9143
5344
4327
5117
7194
564
455
1385
7506
3869
744
768
2897
1270
509
2328
7717
9621
5502
7128
1450
8565
5229
682
8273
5782
7946
7778
480
6340
9428
8559
7321
5990
1233
6592
208
2247
9647
4601
2599
8362
8091
7958
3404
2314
787
1167
6933
8544
1703
1100
8587
4728
7669
4091
7445
1302
6886
5104
5398
6485
482
2524
938
7920
1931
353
9836
5365
4537
6260
4684
4918
6914
4516
6752
8162
2204
6091
7688
1780
7557
6643
7734
7466
5331
8698
286
4025
664
9641
8410
5310
2601
6897
6369
824
1711
9799
7913
4309
1837
4418
9482
8410
162
850
7141
567
466
947
6629
969
6336
2131
1957
8546
3871
4032
3635
6086
1065
5925
8563
7256
1279
2311
1606
1061
9059
5515
5964
5454
3378
7306
488
8236
3990
1159
4004
3263
3627
1456
4789
583
7280
9732
5711
6183
1296
9797
7644
9687
1378
9517
7369
7049
2669
2341
6882
1214
9504
5716
2447
4394
3345
565
7279
9397
8821
5132
932
8131
7632
746
2670
695
6669
4335
1453
579
5199
2032
8545
5395
9161
7001
501
4795
9739
9668
4044
3309
1774
5802
9978
3168
1042
4474
4437
2494
1046
6248
5677
4572
8008
2120
2394
8671
3982
155
262
8381
6596
9721
347
1074
2406
5984
558
884
6113
2683
9948
1129
1637
7735
3635
3032
8125
1186
8164
3725
1330
3476
1224
5665
3709
5219
3857
3017
204
9666
146
2685
6087
6489
369
8492
3379
7867
2604
9390
534
6115
7530
9594
828
7265
2660
4458
4138
3028
9668
6587
6305
5112
6412
3705
501
8162
265
2299
591
6361
4346
1339
9392
600
9244
8409
1382
9537
3096
8064
1332
4868
271
3688
7053
8400
452
4366
3745
9737
3467
177
1339
4939
5313
2974
2042
2638
5372
7919
6367
1994
4724
3103
4582
493
8147
5489
3385
1675
8185
2178
1953
8485
7730
1227
2286
637
108
8892
6729
153
163
1958
6072
534
8928
1431
9874
3278
9010
6875
1955
4877
2843
1489
386
3713
8798
7228
626
5984
951
7915
6502
6687
1708
5628
8
5568
9954
620
2459
6059
8132
6689
6111
4960
2415
6252
9590
2123
6017
6233
4357
8810
9956
3689
7884
747
1765
8418
1385
7961
8634
677
1434
8297
8388
369
6899
4736
8640
9654
959
3879
9060
1964
8569
610
7865
3829
5741
3085
2851
8656
1003
1383
1481
6111
7740
1188
2625
4988
8840
8590
939
3383
23
5084
8962
67
6678
9014
8350
1474
1837
1911
717
6510
9294
2595
9827
2538
4161
7483
3743
2408
3598
1215
9761
9916
1274
4804
5801
7392
8742
9878
1729
4329
1731
7919
5166
1098
6267
4761
7123
9081
5356
5856
8646
3583
2870
5356
1479
4435
6872
1278
702
3049
9814
7944
9604
1638
4925
6002
7957
9991
42
394
4565
6563
5608
7851
353
975
6856
2130
8231
1921
8598
1597
1704
4807
8153
6052
3996
792
2715
605
4583
7275
8826
9467
7211
870
7487
9366
142
1674
5965
6961
4398
5118
5820
568
114
40
5606
2296
6338
3123
2065
6884
9290
4638
7199
8404
4410
4865
1186
705
4018
6310
1316
4703
8477
8117
7334
8585
5643
9695
2935
4660
1412
5936
6119
9165
3353
1471
1181
4692
3037
3336
5846
6877
4116
3132
9103
1620
2218
822
5829
6993
3719
5282
1162
9132
6226
329
9035
4755
6596
1376
1648
2362
4415
9714
6451
1378
591
4043
3748
2541
5151
4118
2381
1377
7742
7641
3394
4235
9379
7584
9147
2294
8943
3847
4821
3724
211
6444
1205
9147
146
2404
4303
9964
7448
828
8038
9585
1819
1059
2213
7324
8128
6247
4765
360
1201
1117
6640
7506
3710
3285
462
4071
2721
29
3645
469
4343
4613
3118
7674
7820
5762
6301
5618
3174
8407
8298
6335
8645
2497
1446
4313
4345
2482
8448
137
7140
7648
4145
6480
1025
9743
1444
1661
9702
1916
6026
7919
7766
6667
9164
5352
7850
2804
83
1267
2257
9721
4229
6055
453
92
3360
7035
1408
2030
1228
2732
8751
3083
7180
9998
8534
756
1654
7344
6773
5965
1859
7347
8249
1960
3320
5676
2853
4945
1286
9879
3986
9564
5184
7806
7172
9484
299
5579
8320
3317
1562
2043
7003
4404
1291
2387
7605
6574
8539
5271
9670
5926
9777
6585
3255
5219
7450
5710
452
1969
7057
2679
4576
9175
8402
3599
7577
8073
1647
2752
1006
1214
1954
2140
1711
8661
7988
7304
7604
9427
1901
1467
1905
1152
1613
1720
2712
1460
8538
5463
7119
956
1579
4683
5475
6241
6245
4544
5453
4395
2756
5155
5092
9809
1100
663
467
8500
288
8357
989
2461
1122
435
5839
2132
3469
2632
7940
9379
8688
9583
1566
7354
3931
9162
6756
436
3423
1929
663
2586
481
5948
361
2406
4511
9269
1408
9403
2711
5713
983
3571
6244
7480
6071
8345
8489
227
9956
4120
2355
7357
6890
3907
8538
413
954
2343
2537
6148
3615
1310
3183
1010
3526
1525
5589
413
1517
6912
2976
6101
2203
2637
9657
3617
1585
3174
4715
894
1167
2811
1884
5482
1194
4495
256
9292
1997
66
8539
6070
797
367
2422
2781
6530
6134
5620
9496
5554
7709
8613
6200
656
4915
1642
1735
837
69
2761
7588
1982
9028
1972
5293
359
294
2677
9374
9045
2620
1501
1370
6474
2389
6798
1958
7173
4417
2709
6558
8824
233
7580
9251
7582
8716
2062
7666
1132
8077
3676
1515
1431
5563
9664
5535
4647
849
6433
795
2651
3775
3846
2965
5453
7304
878
261
8487
6543
8384
9046
9942
2363
9342
2285
8382
498
1439
809
5854
9077
8316
4907
5477
4425
9899
2360
3796
5766
5355
4716
3062
3747
8656
2578
1391
6177
7968
3201
7665
822
988
6281
3604
8205
403
7823
8150
8701
7107
6277
625
2247
5201
1021
5309
4068
5500
1023
1926
254
7549
7785
7455
9198
5825
407
2950
134
106
4547
8826
8623
6754
7758
5051
5766
4930
2176
3376
979
7059
1053
2687
666
9891
9673
3513
2165
8874
2493
2627
6818
4317
3209
7165
3241
8674
8524
412
369
9141
6323
250
6691
9803
4846
4529
5886
6901
2681
5780
6973
4407
2298
7055
1942
9449
630
6832
2837
4782
1305
3877
1864
1236
5221
3224
3740
7339
8106
3529
9208
1817
9880
8218
6520
3837
1857
6673
9469
6258
7698
5705
4467
1847
6275
9290
2051
4141
2989
4474
4954
1408
3243
5892
3562
8153
772
6360
5007
9843
6041
3667
3509
1918
9290
2097
8824
449
2206
8352
3019
1682
3842
8727
8765
2730
2193
8262
2570
8501
6869
2576
1070
6520
7661
7734
6751
5350
1679
1462
5035
2100
1088
2740
1263
7499
2418
2023
761
6350
6717
2520
8641
3357
1522
9046
8852
2762
8363
1693
6833
5802
5111
4201
184
237
4085
9013
8030
7377
6942
7577
6566
9604
6648
3203
7757
7049
8152
1221
5941
7838
855
5440
2965
203
9401
8863
5694
7229
3274
6775
7617
819
2650
3805
3279
569
9451
7113
2369
7523
4888
8985
8794
5740
3528
825
6649
3328
6403
914
9955
1863
3028
3920
6528
9876
2704
6233
6709
4844
2822
5083
9458
1530
4375
1076
557
642
2568
5496
335
580
2102
8591
4589
6244
2713
1917
4426
600
876
6486
7611
498
747
5313
9931
1535
9374
1676
8527
3902
7542
433
5261
181
7270
9863
5897
3169
5188
3708
9792
76
6191
4530
1577
1972
8754
6103
7640
1865
7994
249
4629
2631
8933
3050
3836
3077
6684
8177
1462
589
7075
1025
7992
3293
8270
8173
7931
7053
8166
6300
6972
8275
8555
3562
3828
1667
7452
6320
8443
3323
6278
1444
7016
7806
7146
1107
4509
1134
4626
4575
6113
7903
9540
1764
1757
7818
6407
6479
8971
2480
9766
3905
939
8944
3316
7680
1864
6427
943
6046
1819
981
6967
3470
8926
686
5121
4005
3812
6610
2519
7710
5687
2270
9394
1937
2418
7748
667
9412
545
289
5662
7697
821
1820
6688
266
8188
9698
6002
2075
8352
4048
2326
4960
6495
1056
7234
9575
3675
3609
5171
3046
6450
5232
8500
8608
9745
275
9359
8532
6165
9207
6163
2167
6882
911
4839
7171
1752
2817
5118
1743
8690
6004
1179
3169
7841
1053
6966
8961
4392
7738
1184
8512
2809
2382
8899
9385
801
9630
6286
5095
255
4779
1760
2344
1146
8961
6034
2864
724
9471
7114
5697
9081
761
605
7817
1997
7931
6277
3852
789
8878
1875
8963
3924
8271
4503
7957
8249
6014
9038
1750
4759
8741
2043
9342
2310
1914
1257
2587
6952
1238
991
7897
8606
4807
3173
2784
5515
1298
694
9247
1593
2877
3431
3416
2635
1501
6631
8556
7587
5595
6231
6376
2533
4108
9548
2048
828
8289
2515
1899
9804
4812
388
2847
9175
5061
778
1647
5859
1420
8690
3458
60
1551
4754
582
3766
5790
4012
3188
9910
1581
7506
8246
1186
7322
5916
2662
1061
4272
8376
9897
6792
3707
6354
5596
8302
2716
3573
4909
9710
5375
6144
2573
582
6524
3004
3333
8589
8283
7245
5479
6378
380
759
6326
2004
7173
195
6697
9130
317
2898
8763
5716
4857
1809
39
6329
2164
2733
7234
8498
6436
8041
8761
4847
9851
1902
7005
7593
2940
7107
4060
3751
2671
4909
3746
5493
342
4376
2976
2289
8385
3926
1452
9752
7550
5384
2312
898
7605
2155
2983
4569
9155
9540
4733
143
5094
3424
1095
480
1609
9013
876
1621
7871
8205
6098
1371
325
9556
867
3396
6403
335
4001
2364
3428
9279
168
6319
6439
3367
3443
2249
1508
3210
9282
9358
7315
3337
2026
6171
5721
252
1181
2412
4132
6078
364
8576
1274
1470
283
2602
3805
2019
452
5161
2017
8639
9134
5898
2033
2312
9598
7852
3823
3491
6207
2676
3083
2898
383
7267
134
3823
778
4149
5574
6057
8762
2490
2460
8799
7215
2890
1525
7130
1772
7269
5199
3248
5282
4074
332
7030
1057
5833
1547
4998
8156
4185
7701
9922
1980
8350
6518
6295
8776
7686
6125
1157
9364
483
5509
6558
2663
1150
9236
4845
4785
1498
7204
298
765
886
2177
1051
8195
935
5250
4220
2785
2502
9675
482
4027
3221
7202
9948
7601
1176
7376
8187
5472
6370
7163
8244
2011
3261
2578
900
7084
7102
5689
8851
8277
904
5445
8924
4476
6048
7850
7820
2135
9073
4547
1673
660
4897
6865
8933
2988
6676
729
2211
4552
415
9287
921
116
1775
8695
9286
4884
5323
2357
8150
8293
2599
9523
1764
1365
1579
7388
4335
4949
6484
9366
1616
2941
7305
9773
2043
5681
768
8014
9316
6531
2098
6097
1828
681
1004
1771
6716
6865
6616
9570
2073
2898
1739
2530
632
1717
8848
7023
2476
1587
1845
1612
9455
4400
4660
3612
8245
8041
1174
872
2151
9962
115
2464
1150
723
9164
885
4765
5868
7884
4806
1908
9190
6924
5785
1459
5316
3927
573
60
8490
6174
3037
5357
2724
9324
8424
8380
203
2908
4143
3315
8628
2378
2846
5406
5033
8999
462
4962
1659
2481
666
8049
7576
2354
7649
7355
1642
6568
3132
615
1569
2245
2433
514
6994
5640
1063
695
79
3820
1402
7505
4937
8783
9585
1293
1715
1621
5358
8162
937
5742
6566
6597
1776
7829
5218
3528
9872
5739
1525
1236
8352
6740
6255
9911
1521
9936
4578
847
4430
2892
499
4904
6529
7370
1842
146
4953
974
1933
5174
91
2219
8114
2762
8823
3214
1556
7908
7805
2392
1088
268
9680
866
5233
1252
4777
2220
8832
9132
3326
3638
2480
9489
5205
931
4969
710
6708
6603
5283
1670
2443
144
4965
9160
3524
1203
1231
7748
1241
1159
581
6854
8631
6967
4365
8801
2162
1716
1579
485
1850
705
8202
7955
9692
7010
1134
6368
2251
5346
4775
505
8240
6965
2969
5815
9536
7325
3082
259
1837
8657
3884
8619
2672
1914
4619
612
8773
9632
5689
7251
1159
3269
8953
1863
5646
8528
392
7913
166
2413
210
9400
9123
4882
2020
7390
8289
8245
9150
4742
6480
7948
4460
6754
4272
9253
2933
3000
3865
856
6387
6413
2959
4410
292
9957
5652
3155
7920
777
2350
5842
3965
490
1962
9775
9903
5957
1761
5153
211
3224
8987
8546
9198
932
6449
1519
514
531
855
2260
6785
5132
7801
1736
3749
308
1989
3317
8478
5031
5706
3739
6077
3544
7791
3972
2290
8229
5240
4843
4081
4287
7332
4713
6266
9928
1066
2384
73
1566
1158
4396
9579
2439
1246
1223
5122
9245
8329
6812
7482
924
8754
5342
3629
1049
4570
1786
7204
8326
2860
2473
4544
4771
6421
4395
2792
4391
532
8353
7523
2720
2046
2569
5352
2007
2164
1679
6180
4119
3577
1730
5468
3343
7791
4421
2436
982
9954
1207
7791
2239
999
7733
1351
2541
854
4750
2720
3449
2261
1528
5816
4401
487
8529
2578
451
9974
1976
2963
3307
8028
7069
9788
6281
2424
3111
1513
3415
223
516
2313
3369
7649
1446
1296
3717
9389
2156
2345
9797
2519
1310
1104
811
8682
478
9311
7956
2937
9355
4711
8976
8906
3815
1217
2209
37
6379
2453
3907
2425
602
1387
8059
272
7268
4369
978
3252
9436
8620
6308
882
5467
3810
8867
4686
3062
8728
5954
7095
1118
4935
6015
5900
2167
2884
4400
6863
2027
1744
9042
6697
9871
749
1758
3486
8919
2067
5261
2290
1397
3617
6029
1933
1832
328
2052
1787
8451
1892
9444
1799
170
5884
1408
2857
6005
269
7374
9677
686
2914
6429
1174
5949
4023
1785
4146
2950
157
5757
4352
6529
6224
1113
4640
6603
1320
4868
4666
4187
2221
3603
1409
2248
8543
4858
7785
1193
1204
1986
263
8588
3763
4700
8152
139
7184
1173
5189
4283
4841
987
5909
5303
1521
3887
4675
3278
3419
75
466
8104
1017
3782
7438
3150
5397
9862
8388
2811
6945
6501
4789
2029
5290
742
1319
5728
1330
4826
93
5133
2125
6655
361
7407
5868
1320
4863
6487
4761
4226
3259
8945
6402
4438
869
9814
7673
939
2067
2387
5563
9358
1664
2905
7232
772
2364
2454
2675
2287
2885
6085
1218
3328
9108
8977
1816
556
7499
2624
2217
2129
8509
206
2686
202
5998
935
5330
866
381
665
3019
5334
2607
1480
3597
3726
8831
2036
2556
509
3666
553
64
7062
3871
2597
1502
2306
6495
4752
8629
2383
4145
3527
5462
7579
8738
1880
9831
8978
1819
7605
393
7684
955
9779
7129
9563
726
9874
1892
8315
3086
2018
3647
9402
9905
2836
2182
1298
771
462
6643
1845
5022
3603
6513
6017
7240
2547
1377
100
1796
9615
1117
8769
9514
960
6540
4803
523
584
5029
7474
5104
2328
151
1220
1091
3476
6232
293
8096
5716
9340
8394
157
508
9977
6835
2968
5663
6136
79
8192
2319
3743
2821
9942
3784
4813
4223
9317
766
3125
1625
4224
628
9263
8875
5467
1982
1147
531
4014
3769
1304
935
8261
6298
6804
3226
9002
7860
84
4092
279
558
7478
9783
7207
4308
901
855
7901
3468
5230
9049
5495
7196
9408
5288
6307
7803
4009
2356
147
9013
1391
4932
2206
7779
1371
1325
5127
4762
6861
7267
4258
8386
5580
8703
4051
6954
5260
1522
6761
8186
8278
8202
44
6842
514
6098
1043
9601
8088
9054
361
3136
4424
1336
7328
2672
3174
6373
8278
5897
9914
1291
6024
6308
1959
3270
9300
6212
2618
6841
547
3632
8789
2179
2311
5508
1245
6274
1265
9722
705
252
5671
6194
3964
6587
3124
681
8525
9321
400
857
3125
6109
1169
4045
1184
2884
2322
2168
5367
147
835
503
1173
3180
8977
9204
9001
3504
1031
5260
4300
1284
9333
5539
2307
1991
6017
726
1623
7458
1212
4834
180
8224
6678
532
9102
512
259
7744
8475
1337
1664
5941
2188
1886
1105
6768
5453
7571
5789
6993
4736
3823
7916
9659
8789
6033
6591
5408
94
5479
2050
316
5200
6861
1998
1152
4987
2067
4641
5923
109
1331
8466
772
948
2545
4767
2642
2707
5444
3449
4911
4695
2484
1299
1571
5946
9299
663
9309
72
1025
2026
8159
6576
571
7969
507
3229
869
6467
824
7174
2072
6369
3338
2755
2348
2116
1329
5441
6186
6085
992
4743
6523
9907
8193
5050
5093
5440
6231
6654
840
3565
2052
1438
627
7895
5180
573
9341
5586
1097
8078
3761
7430
129
1426
5896
3079
5701
3232
4349
2697
891
7801
2606
3010
974
1644
511
2290
6420
4519
9075
6866
8513
8416
7629
9241
2667
6115
83
9621
6525
5501
389
632
7919
9736
9661
3664
8694
999
8279
9211
2248
1909
3730
2122
6963
7241
3672
582
2110
7933
4523
8209
9664
2111
4896
9167
7983
9607
5872
5044
4188
2554
6973
1887
1630
7279
4754
3191
6076
8560
1806
1253
6383
5763
4146
371
8806
4857
6488
5539
6444
4582
6151
7187
7687
1395
2309
1759
7058
385
5820
3336
9534
9391
4016
4035
5397
5997
2463
5989
6447
2769
8090
4142
2136
2106
1668
3123
1985
9012
9128
4849
85
1740
7568
3935
368
8340
8003
2499
5035
5672
1982
4823
843
2130
1351
9613
875
1259
8717
5233
9543
4756
3012
1823
3723
7108
7056
7364
4810
194
7248
3129
7379
4565
4253
9133
8321
4825
3907
2098
1811
2278
3823
4843
3691
5628
4297
5317
634
8017
4084
7412
6860
6079
1780
702
5648
6519
175
7854
1195
394
8599
1922
9117
5034
1863
9542
4996
396
204
2660
960
433
7142
7580
4791
1781
9199
4769
3689
6343
3771
1252
1030
2570
2321
4117
6095
3980
6601
2663
2347
341
3654
9700
8075
1314
694
9697
6672
4403
871
1522
2507
4417
6220
4993
917
2917
3425
4059
3808
8660
5931
2635
7518
1567
6356
2332
2464
8251
8245
7641
610
2267
9444
1863
3477
8391
8449
7446
5229
9399
5371
9107
1228
1936
8905
5122
1678
8403
902
7898
8439
5282
5052
4145
1850
3604
9396
5306
5836
443
7196
251
5624
9908
5722
3508
6531
6367
1937
9485
8147
2208
6961
9376
2812
3045
1524
1015
9515
808
5510
6231
9782
1639
1333
2749
5155
6259
2442
4391
4809
4022
2949
7430
5396
7432
1568
1122
2125
6003
6445
1983
7433
2853
5457
9375
4929
151
3973
7337
5234
6972
5995
392
8181
2748
8542
3191
4162
306
5821
635
8896
5874
9641
497
5232
8814
1549
6426
7132
2107
830
5491
9001
1168
626
1386
7236
3551
1862
3759
9709
9703
8282
1415
1501
9817
1696
7991
5661
6329
2582
7551
9594
6936
6048
8548
1572
4000
4025
9762
4870
8447
6891
5570
3291
4647
4333
7385
3070
3125
9900
6033
3874
8849
7630
28
4052
2565
6611
8517
2046
9810
2332
42
2077
8800
5585
8455
918
4436
1149
3940
5108
7302
1069
1091
1877
595
1161
5202
4982
2177
2978
456
7035
1921
317
1118
3827
9674
7582
3914
5772
8804
169
7172
1811
8177
4612
3171
9839
4771
7793
1464
2367
9914
4443
7006
6400
2284
9487
671
4739
5290
3389
3867
1327
1777
8111
6501
3571
6638
5242
2174
4894
4566
4978
3238
6867
4133
8594
1727
503
6693
5388
3461
4845
4337
5502
6043
8564
1722
8711
3784
3327
8778
2536
1954
1717
3399
9341
2153
2474
4074
3166
759
3070
2625
6673
6694
2837
850
7635
5396
678
625
9159
6291
9959
3748
4606
4243
8442
6884
2024
8691
8177
7463
4761
2645
471
7116
7823
2051
3410
486
6803
4287
4019
8941
8958
159
7296
401
7550
9832
965
192
4282
474
4342
1978
7826
8189
8936
5556
5338
9242
5937
2362
6280
5485
6524
920
3932
3257
4001
9498
1776
6845
9829
9282
1024
5942
5966
4442
7724
165
4794
8827
796
690
1073
6909
4803
3313
5783
8720
6662
6212
2470
1307
719
5025
572
2610
6301
3606
8321
4317
46
4138
7116
5383
8624
3285
2086
2517
3253
3139
5663
392
1461
4084
2447
9843
8120
7288
4784
6097
6724
7306
90
5553
6339
1898
4447
420
4585
6783
9657
8809
2053
9645
3632
486
230
1123
2576
6521
8336
6040
5434
5791
7294
1960
2746
4438
7770
9401
105
8910
43
9923
5860
406
1582
7279
4509
9620
6697
8942
4977
6420
7340
158
7193
1029
6409
9785
804
6239
117
3934
8805
9130
8639
5316
7161
9468
5616
6716
5980
7121
2164
2855
4988
7360
1224
8424
1022
1451
9876
3162
8768
5719
92
245
3983
7725
7681
2062
7658
3808
4845
7964
535
8783
1327
9314
1172
6062
931
4074
2240
2192
6886
7358
203
9192
8521
7597
8779
8657
1315
2220
896
5929
1900
3323
4715
5557
3895
7674
2170
6482
6176
2587
3751
9096
2215
8809
2867
3235
395
698
1549
7093
1802
1617
7911
7638
3064
5911
938
9949
4766
283
4280
5860
4533
3351
1235
2711
387
7733
5357
9405
709
7266
8879
8683
1950
50
6158
2357
2559
2516
9402
7990
8296
5207
3737
5713
4621
5021
3492
5545
7772
3983
2752
9438
1630
2065
5456
6105
6284
8584
217
4539
8613
5849
4710
2129
9437
7284
7565
7146
8919
2608
4129
5323
471
2936
2521
2627
369
4359
5266
2699
3366
1344
3824
2945
8704
50
4891
6933
1739
7962
6199
4498
5767
1657
2868
5521
7371
615
1128
4747
7309
3527
2425
8270
1759
1005
5552
7170
6588
9438
682
3564
8371
5623
2529
3315
6979
2897
7114
5121
5160
531
6432
9787
2692
6856
5041
6453
3937
5379
103
9120
8502
9440
5514
7510
1081
8077
6100
487
5269
1849
1462
2868
636
8699
7577
9836
6782
7814
5303
9334
1514
3420
1562
7726
1779
6929
1285
5715
3879
8305
1426
9345
7917
9524
5756
9690
8381
1440
1119
1610
4741
5424
460
1307
9032
4917
6897
4150
5849
1482
5464
6971
5721
7916
383
3523
5597
7897
1720
8372
196
1352
1250
2389
8376
1802
5576
2963
162
6383
5079
1923
3507
2844
7830
5544
7920
8315
401
3015
9325
4964
9207
6938
7566
2235
6438
7506
8586
3562
9298
992
6913
2336
4941
7574
4575
4842
228
6985
5649
6817
7830
3465
248
2868
2091
6517
3756
1559
6146
1081
4226
4332
8203
6873
9553
8754
2486
7890
2593
6571
2572
8879
1845
4306
9853
9338
8619
2220
3337
7379
3394
6350
6739
5094
2747
6496
9058
3896
2947
9777
5242
5346
7743
1739
9724
3153
5209
5080
7737
2477
9643
7348
2924
536
1065
5
7016
10
20
9129
5823
4043
4668
5519
8390
3552
8965
809
5685
3322
8461
7791
4179
7931
1709
4344
3873
6426
9087
7445
7846
1417
863
2398
7339
4277
8900
8033
6680
1501
5697
8536
1439
2839
71
7323
278
3472
8734
1734
6219
4707
4291
1819
4196
3307
5364
3691
3588
540
2298
1777
453
1055
326
6000
98
1612
3471
4991
8307
6381
1675
6721
7839
8368
5692
3386
1885
9070
2061
7439
508
3930
2685
541
5748
3836
9819
3564
7404
846
8675
9237
2414
1782
8439
8514
6615
5558
9458
1638
579
1264
9689
509
1673
2270
5875
7796
7442
2449
826
4940
1232
3913
9683
4027
5741
6996
3594
1060
1153
9738
8609
4072
1497
1880
4091
845
6836
5099
1492
126
1391
1728
7812
35
3491
3849
4291
1570
2093
5299
9855
9030
9439
5238
9579
7583
7526
2620
5386
2122
4571
4502
749
8531
2990
1979
9738
1672
4607
9026
3534
608
2319
7395
4291
8747
1143
4985
101
2651
198
5498
305
580
705
1066
7696
5136
6439
5660
5763
4935
1923
7771
7535
6253
5861
3368
3547
4059
8306
1029
7799
1859
9691
5778
7551
7870
3612
7989
3488
376
5334
2207
9051
1007
8975
2221
5912
3079
7031
6188
9932
6530
5839
2609
9662
3342
8294
9687
2790
7775
4676
138
4760
9583
3514
9508
5120
243
4409
6678
5661
2080
291
8010
2067
2269
3791
2102
8827
1963
7536
9396
3278
7251
9016
3583
6083
7294
7689
4160
7685
6971
3293
3050
8680
4716
3014
6339
4701
8178
5416
1908
1620
3723
9846
5075
2737
9640
4762
9007
7602
4804
8169
2827
3057
5218
6983
6767
5077
8070
7894
667
4781
3575
3797
3501
7616
6819
9399
9141
5870
5604
1344
2199
4620
3729
6919
6225
9086
4472
4329
3806
1653
6010
5595
4682
6699
4632
3634
4199
413
7021
1974
5439
3577
7291
4196
1195
5111
7915
7555
371
1149
6991
9737
3111
6173
1915
4719
1101
9314
3123
530
572
4187
9686
8460
9977
3511
4700
2930
2192
4114
7963
4975
2597
975
9440
2562
1803
5734
4189
4355
5909
9391
7358
971
8939
7120
3328
132
2768
6260
8035
4239
2113
3901
6863
1861
4384
2971
9014
1664
258
4765
1641
5627
309
215
3581
2567
3574
613
1519
3119
1219
2399
2262
8254
5484
1021
1640
960
1103
4637
7728
1926
8277
8819
5502
4574
5927
3664
639
4995
484
9206
190
1872
8471
5786
4891
7947
9653
9131
9947
3615
1348
6611
3345
3162
4515
5227
220
8057
3877
2100
2960
7361
9343
6915
489
128
4981
7117
1486
2610
7088
5300
978
3640
5491
208
3553
806
222
6161
9209
364
7538
3107
2790
7336
6533
883
4899
425
6745
2642
6109
2679
9865
8264
3642
1265
2579
9499
6779
5335
6860
1935
2766
7306
5968
16
3063
544
9737
5902
5967
1564
7843
3144
3325
2478
9085
1853
5669
6279
4946
8734
94
5615
5897
5656
6473
1643
9337
8849
9518
4057
2561
6257
1241
2925
1319
9779
2997
7697
320
811
1047
4633
5440
4314
991
8661
146
6864
3915
5818
1609
3649
2844
1203
9464
5676
4652
2436
991
3384
8784
2496
8455
4735
4555
5307
3617
5312
708
7330
1129
8831
505
6201
1393
2688
7907
8789
4731
9060
6251
5692
2214
1907
1134
74
1325
1467
781
8502
1165
3191
4200
2740
2006
6564
2253
5707
4515
8768
2395
5641
2829
4467
3483
9350
6349
7907
1201
5831
3825
6450
3456
1764
129
4363
7820
8460
2050
3358
2692
1143
5834
1303
5935
6941
4949
1957
6341
4597
3560
2474
3730
8896
4820
3247
2663
6375
4382
5322
4082
1121
7148
9762
3231
6346
8306
9282
5231
5425
4333
9308
1303
3649
3328
9856
236
4547
526
7693
222
1665
2647
6167
7538
6189
9702
1722
6581
1555
6378
2158
3069
3293
8692
3515
210
3734
7584
2335
77
2865
8984
4462
2768
5755
5397
8393
1127
1678
711
8802
2525
7511
4327
8686
6114
2218
7115
4700
3467
2852
8346
278
5226
9346
5648
486
8720
1904
6692
3835
4080
5508
1705
3291
5702
9181
5074
3867
8712
6214
6217
8573
7740
255
7969
9049
6138
1742
2666
8015
4019
209
4182
1723
8162
1879
2250
2778
4482
3584
3942
1501
5040
915
777
5756
4578
6559
4350
637
3640
4403
3724
4085
8354
7233
829
6445
3763
7888
6236
8520
7556
7250
2901
7637
8332
8022
5928
2448
5678
2415
5534
462
1300
9476
9375
8377
1867
809
6499
2168
7102
5325
6951
3442
8247
3926
8051
9172
6756
1082
906
9634
5863
9583
5873
2107
4432
6038
8387
5344
7422
6787
20
7717
1748
2720
6021
393
5897
227
983
7635
6371
3661
5588
5774
996
3332
1594
2934
3429
2883
1257
7491
7650
4800
9584
1093
4007
4255
7299
6641
1754
1541
8303
7676
1352
1168
6897
3140
228
7861
4084
5319
6493
1385
5289
8462
4336
2132
6844
3610
9870
2147
8916
4787
5792
1405
5643
7965
7911
6601
4607
1467
2104
7966
4713
2152
5625
4778
2460
676
5349
8743
2736
907
8598
4379
8751
2685
5700
1759
1535
8953
5480
562
402
2475
8390
9887
778
728
2011
9836
8225
1512
7139
9332
392
4835
7854
8040
4670
847
8675
1585
691
4729
1590
281
1870
7873
9446
4555
220
4123
8506
5416
346
2531
9406
9948
1301
7569
3784
3552
4799
2253
9680
2593
1605
5125
2943
5504
4223
6989
9015
1547
5127
7286
451
5101
7582
18
4096
4850
3643
6151
2205
2365
5509
7954
5263
7741
9715
5774
2952
7405
2482
9125
9480
9451
5271
5989
8037
2860
7782
4535
7639
8542
2802
3724
3479
446
9254
7833
3402
6186
2131
7781
3144
1593
2459
5537
4849
1402
2574
5575
850
2187
3698
9653
452
2524
7896
3340
9127
8627
6284
1636
2749
6160
5598
1059
3977
755
7295
9358
9738
5789
8366
5327
3971
4421
6500
327
5677
2748
4316
6309
6590
5987
1303
9624
1740
9179
1102
7730
2749
8620
9402
4701
2241
7211
513
3714
6866
3302
849
5352
5178
8402
2914
810
5110
9463
1671
8397
7722
5577
7270
256
9829
2491
7960
308
1110
3231
8867
7118
3215
7025
2774
2234
2633
3717
9668
6290
2073
2654
2260
5904
1489
6913
1464
8129
298
936
750
4074
2352
2907
3348
8799
766
8220
3999
2305
8796
4946
8588
1336
6454
857
6312
2690
5679
6920
302
8027
5606
51
912
3821
4600
1729
2056
8585
3814
8657
5247
1015
8936
1433
2349
3499
1217
2527
2322
1704
9189
6571
1716
393
633
9964
8666
3854
59
4507
4777
7268
4018
5725
4925
1240
7366
4172
7850
5357
1554
5272
947
5596
2697
7066
6427
555
8007
362
3498
5617
3610
6802
3122
8937
2769
4258
7218
6229
3075
3381
7803
8069
4403
1044
8386
249
5107
7545
7125
4563
6119
727
6834
7984
1323
472
5620
6344
8503
9511
7902
2179
8610
783
7261
3487
7653
7555
8090
6880
33
2432
1981
823
2707
5744
9656
7799
4535
4368
3283
1427
4492
1637
6163
9371
9431
5994
2321
3577
6153
7820
1880
6087
3829
5642
3711
6276
8925
2663
8904
1127
7628
1459
6727
4402
4346
1321
295
794
9291
3610
4842
1350
4201
841
928
1975
8563
7192
4042
7911
4950
1507
7742
1988
9675
4955
9934
5871
2465
9063
6020
848
2253
2246
417
8477
1887
7639
1671
2699
5478
6221
2675
4372
7783
621
4623
9033
7194
1306
3414
2410
4965
9619
2074
6627
2413
4283
2978
8249
3002
7993
7304
7878
1691
1329
9939
1201
2906
2931
2815
2466
3361
6834
5542
5172
6620
5016
6713
2044
721
3096
959
2009
1278
8500
194
2236
6306
96
7781
2330
1343
4598
6586
8911
1726
3388
1140
9830
2755
5491
2569
2838
130
9297
7322
8607
5411
1970
8166
9062
4242
1002
1243
6284
5050
5630
6158
9302
1474
3619
4398
3369
7768
1319
9204
7828
3998
623
3917
1794
8403
913
2971
3120
7139
9443
8713
8636
3857
1187
1453
6399
4244
7144
7795
7757
751
8553
5528
4874
8806
2525
8004
9566
6942
6194
4764
604
2612
3378
8822
3632
9057
8691
7566
8103
972
9550
6601
2164
512
3507
2248
5856
2447
3930
5423
8049
3400
7645
9830
7023
2277
6468
3360
3763
1304
97
3307
5936
1367
9517
1527
4822
5541
2851
4170
8068
6835
8348
4691
7967
1703
2602
3261
1329
9196
9144
5127
6195
1322
8882
4866
9309
1096
3250
8650
669
1070
3962
1912
9079
5456
585
4520
9485
6456
8551
1031
5391
2402
3779
1807
2228
9839
2208
5941
6665
7298
859
7490
8633
3391
8304
2402
9086
8629
3725
6106
5175
8073
9863
6397
778
2533
2876
6480
3612
945
8249
6204
7935
2273
8541
7428
3003
7870
7197
4936
2272
6490
2521
2682
9211
4558
7551
5711
7496
710
4127
4151
6806
9152
7167
1312
1105
1648
831
136
6140
1464
0
8178
1821
2438
3472
7852
1293
9294
4201
4702
2352
3434
636
4293
882
4783
3863
9568
1171
4562
5439
8027
2501
1691
842
4410
5619
7081
3643
1640
5108
6549
7459
2482
9728
6891
4166
7261
2738
919
989
127
3823
1724
9850
8268
5078
107
1777
1951
3304
7106
7860
8092
1066
4691
5919
6019
5368
4502
2486
6728
5965
9745
4348
609
9824
8247
5430
496
2081
2864
927
370
165
1880
4029
135
4030
5417
9731
642
2574
9421
8040
2595
4253
2158
8568
6899
3498
3745
6682
6256
4334
3444
9986
2794
6839
6051
5752
3677
7011
8561
1912
6096
5883
8580
1787
6077
8451
5074
5159
1090
1455
5051
9074
2136
151
8647
9484
2082
8638
2642
5838
6199
4944
7812
3757
772
987
2310
5604
1884
7087
6450
2977
1169
3736
8970
2654
4632
5388
2284
2163
1319
6208
8933
6042
2434
9792
4787
499
9799
7679
4879
7705
423
8235
9099
3413
550
9044
3192
1906
7012
2046
9356
5984
6493
278
4353
909
9454
4834
6337
9377
7017
5819
1233
3240
4331
1615
4524
741
2555
1298
6610
2021
2374
8214
1328
6770
8569
507
1794
3562
6078
3496
9573
95
6172
314
2962
4512
9320
1420
1528
6567
912
1368
7978
8644
6553
397
2345
4939
7126
3970
914
3273
621
4602
1835
7244
5541
6968
906
5924
3987
452
8248
5605
8581
9678
5492
638
2590
1651
1002
8031
4467
3887
3189
2214
4645
9394
514
3419
3488
8421
568
4093
1619
8990
4037
1084
914
9970
4714
8024
5225
9339
9834
2874
8065
762
1263
1217
1047
4975
142
9200
7883
3734
2284
3127
7575
8196
144
9342
353
2867
9739
4633
9714
379
1893
4600
1176
386
2634
3646
2168
8452
6565
5093
6008
8678
2060
3552
6061
7175
5948
5570
7328
6760
7606
4237
1126
6574
2890
5932
704
7622
5059
3189
528
2408
7140
2473
7710
1807
2705
5791
5082
6264
9520
8288
1458
5096
9361
8004
4118
9747
5965
5468
8778
2603
1195
3153
1740
8934
953
4782
3495
2947
4552
8345
1415
6126
7592
9448
4477
9922
8199
1137
1045
8654
2020
1314
6039
9947
504
307
4059
525
8280
56
5873
9160
2020
1164
8207
7093
9843
4778
1948
8436
1475
9597
1005
4452
1611
8635
1405
370
3780
2813
563
7839
9000
4163
1806
4181
6361
9254
8148
5818
1525
1629
9292
886
3208
8772
1672
7506
2850
3178
5256
1937
7707
5657
1354
3251
3637
7676
1622
8120
3809
4236
954
4514
404
1355
5089
2542
891
6245
9929
5509
7644
4244
8452
4957
351
5699
3935
4037
4878
68
4114
9554
7593
4454
4104
7491
5884
5345
832
859
2341
1429
194
5712
5024
242
950
5264
3286
200
1905
2420
4662
323
1505
7879
3202
3647
6380
2424
3069
5602
5188
8414
2403
3130
6013
2315
3882
3252
2402
5605
2056
3471
8613
1409
2197
2081
422
1904
6898
9256
7862
1247
8378
659
5339
1642
5672
5234
8278
8577
3417
8299
9412
2205
339
5279
8963
7508
6470
3068
6742
2091
3635
7588
8889
684
6266
7118
1576
1977
2008
7995
7774
6863
5136
3340
8346
9262
4137
5058
8487
3048
2457
9511
3691
2872
3761
9243
2720
261
3033
9297
226
9383
9148
2987
4360
2794
424
2274
5686
7088
8591
4683
8434
8780
129
2054
422
316
1902
2473
3749
3798
38
7885
9201
7847
7491
1512
9405
9639
6266
4811
735
2033
4830
8091
5176
4402
3941
1765
5526
1568
783
5102
4522
8381
3556
3322
1894
4332
894
2206
1465
659
1015
439
3086
1121
7747
3324
3489
4882
2177
2545
2116
2848
2142
542
2146
1277
8331
2640
5378
6303
2417
5950
5837
9995
4466
6494
8435
5701
3809
9273
3083
3638
1860
9788
3994
479
440
5137
102
7101
7319
1037
5259
6733
1174
1659
1197
4898
3954
4777
1024
7669
1484
5906
4533
7053
9681
3756
7845
8767
9199
9602
706
4615
6821
8612
9308
6424
1179
1086
8418
352
8786
6118
4250
8544
13
7514
7843
5850
1712
6426
8680
5835
5672
97
648
3164
9339
8426
3268
1668
8081
1105
1560
8416
691
2423
5149
3253
2499
2826
6574
5028
6989
7525
7450
6928
9836
7859
8250
2125
5823
3130
4372
4761
9597
5637
6575
6575
4120
2818
5511
9097
1166
3678
2451
6198
7109
2334
1909
1821
8328
7391
3986
7233
1181
6752
6419
1557
9818
1662
5403
3586
8279
8800
90
3894
4804
6085
2594
2943
782
8683
2424
8473
7791
5361
3612
4836
1956
9519
412
8473
2291
2100
3494
2174
92
9200
6989
8664
3295
2644
5710
8577
9918
7414
6564
6475
9764
1449
5800
2564
3863
9533
589
1002
2522
1714
2091
7536
2727
3523
1290
577
3243
5185
290
9700
4065
4797
9264
7201
531
9899
5163
6244
6590
8547
3256
6767
2646
953
6715
7605
3978
4479
9791
1684
1321
4746
56
450
4694
3954
8374
9292
3128
9630
4685
5370
6756
4608
1011