0
2
2
2
3
3
4
4
4
5
10
10
12
12
12
13
14
14
15
15
16
17
18
19
20
21
23
23
23
24
25
25
25
25
26
29
29
30
30
31
31
31
32
34
35
35
36
40
40
41
41
42
42
43
43
44
45
48
48
49
50
52
52
52
53
54
54
54
55
56
57
57
57
58
58
59
64
64
65
66
66
69
69
69
70
71
71
74
74
75
76
77
79
79
81
82
83
84
86
86
87
87
88
89
89
89
93
93
94
94
95
97
97
99
99
100
100
101
102
103
104
104
106
106
106
106
107
108
108
109
109
110
110
110
112
113
114
117
119
119
120
120
121
121
121
122
122
124
125
127
127
128
128
131
131
132
133
133
135
136
138
139
139
140
142
142
143
143
143
145
145
145
147
147
147
147
148
148
149
150
150
150
150
151
151
151
151
152
152
153
153
153
153
153
154
155
155
156
156
156
157
157
159
160
161
162
162
162
163
165
167
167
168
168
168
169
170
172
172
174
175
175
176
176
176
177
178
178
178
178
179
179
179
181
181
181
182
182
183
184
184
184
184
187
187
188
189
190
191
191
192
192
194
194
195
197
197
197
198
198
198
199
199
200
200
200
201
201
202
202
202
203
203
204
205
205
205
206
206
207
207
209
211
211
212
212
212
212
214
215
215
215
217
217
218
218
218
218
218
220
223
224
225
226
227
227
228
228
228
229
231
232
232
233
234
234
234
235
235
236
237
237
238
238
239
239
240
241
241
241
241
242
243
245
245
247
247
248
250
250
250
250
252
252
252
255
255
255
259
260
261
261
264
264
264
265
266
266
269
270
272
273
277
279
279
282
283
283
284
287
288
288
290
292
292
293
294
295
297
297
297
298
298
298
299
299
300
301
302
302
304
305
305
307
309
309
309
310
310
310
311
312
312
313
314
315
315
315
316
318
320
322
324
324
328
329
329
331
331
332
332
332
332
335
335
336
342
343
343
343
347
350
350
352
352
352
353
354
355
355
356
356
357
360
361
361
362
362
362
363
363
363
363
364
366
367
369
369
370
370
370
370
372
373
374
376
377
377
378
378
378
379
379
379
381
382
386
386
386
387
387
387
388
388
389
390
390
391
392
392
395
395
396
398
398
398
399
400
400
400
401
401
403
403
403
403
405
407
408
408
409
410
410
411
412
413
413
413
414
414
415
415
418
419
419
420
420
420
421
421
421
422
423
424
425
425
426
427
427
427
428
428
429
431
431
431
432
432
433
433
433
433
434
435
435
436
436
437
439
439
439
440
440
440
441
441
442
443
444
445
446
446
446
446
447
447
448
450
452
452
452
455
455
456
457
458
459
460
460
461
461
462
463
464
465
467
467
467
467
468
469
471
471
474
474
474
475
476
476
476
477
477
479
479
480
480
481
481
482
482
483
483
484
484
486
487
487
488
489
490
492
492
492
492
492
493
493
494
494
494
495
497
497
497
500
500
501
501
502
502
502
503
504
504
505
505
505
507
507
508
508
508
510
510
511
513
514
516
519
519
520
521
521
522
524
524
525
525
525
525
526
526
528
528
529
530
532
533
533
533
535
535
537
539
541
542
542
543
544
544
545
546
547
548
548
548
549
550
550
550
550
551
552
552
553
554
554
554
555
556
557
558
558
558
558
559
560
561
562
562
564
567
568
569
569
570
570
571
572
574
575
575
578
580
582
582
582
582
582
584
584
586
587
587
589
589
589
590
590
591
591
593
593
594
595
597
598
599
602
603
604
605
606
606
607
607
610
610
611
612
612
613
613
613
614
614
615
616
616
617
617
617
618
618
619
619
620
621
622
624
624
626
627
629
629
630
631
631
632
632
632
632
632
633
633
633
635
639
640
640
642
644
644
644
645
647
647
647
648
648
648
649
649
649
650
654
654
654
655
657
658
659
659
660
660
661
661
662
663
663
663
663
665
665
667
668
670
670
675
676
676
676
676
677
678
680
680
680
680
681
682
683
686
686
687
687
688
689
689
690
690
691
691
691
692
692
695
696
696
697
698
699
699
699
700
700
701
701
701
702
703
704
708
710
711
712
712
713
714
715
715
719
719
719
719
720
720
721
721
722
723
729
729
729
730
732
734
734
740
740
740
741
741
742
742
742
743
743
743
744
745
746
747
748
750
750
751
751
752
752
752
753
754
754
758
758
759
759
760
760
762
763
764
765
765
765
766
766
766
767
767
767
767
769
771
773
773
774
774
775
776
776
777
777
778
781
783
783
783
784
785
787
787
788
789
789
789
791
791
792
796
797
797
798
798
799
799
801
801
801
802
804
804
804
804
805
806
806
807
808
808
810
810
810
810
810
811
811
812
812
812
812
816
816
816
818
818
818
818
819
820
820
821
823
824
826
826
827
829
830
831
831
833
834
834
836
837
838
839
840
842
842
842
843
845
845
845
846
847
848
848
848
849
851
851
851
851
852
853
854
854
854
855
855
857
857
858
858
859
859
860
861
861
861
862
865
867
868
868
869
869
869
870
870
871
871
872
879
879
880
880
881
881
881
882
883
883
885
887
888
888
892
892
893
895
896
897
898
898
898
898
899
901
901
901
902
902
903
904
904
907
909
913
914
914
916
916
916
917
918
918
919
919
920
924
924
925
926
926
928
930
930
930
930
932
933
933
935
936
937
938
938
938
939
941
941
943
944
946
946
946
946
948
948
948
948
950
951
953
954
954
954
955
955
957
958
958
962
963
963
963
963
964
965
966
967
967
968
969
970
970
970
970
970
971
972
972
972
973
974
974
975
975
976
976
977
977
978
978
978
980
980
980
980
981
985
985
986
987
989
989
989
990
990
993
994
996
996
996
997
997
999
1000
1001
1002
1002
1003
1003
1004
1006
1006
1007
1009
1009
1009
1010
1011
1012
1012
1012
1012
1017
1017
1017
1018
1019
1020
1021
1022
1024
1024
1024
1024
1025
1028
1028
1028
1029
1030
1031
1032
1035
1037
1037
1037
1039
1039
1042
1042
1044
1048
1050
1051
1052
1053
1055
1055
1056
1056
1057
1059
1059
1060
1060
1060
1060
1061
1062
1062
1063
1063
1063
1064
1065
1065
1066
1066
1066
1067
1067
1069
1070
1072
1077
1078
1078
1078
1079
1079
1080
1080
1083
1083
1087
1089
1089
1090
1090
1093
1093
1095
1096
1097
1098
1099
1099
1099
1100
1100
1100
1101
1102
1103
1103
1104
1105
1106
1106
1107
1108
1108
1109
1109
1109
1110
1110
1112
1113
1113
1115
1116
1116
1116
1117
1118
1118
1119
1120
1122
1123
1123
1124
1124
1124
1124
1125
1125
1126
1126
1126
1126
1127
1129
1130
1131
1131
1132
1132
1134
1134
1134
1134
1138
1141
1141
1142
1143
1143
1144
1145
1146
1147
1147
1147
1148
1149
1149
1149
1151
1152
1152
1153
1154
1154
1154
1155
1155
1155
1157
1157
1158
1158
1159
1159
1160
1161
1162
1163
1163
1163
1165
1166
1166
1166
1166
1167
1168
1168
1170
1171
1172
1172
1173
1174
1174
1174
1176
1176
1177
1177
1177
1177
1178
1179
1179
1180
1182
1184
1185
1185
1186
1186
1186
1187
1187
1187
1188
1188
1188
1189
1189
1190
1190
1191
1191
1191
1192
1192
1196
1197
1199
1200
1201
1202
1202
1203
1203
1205
1205
1205
1205
1207
1208
1208
1208
1209
1209
1210
1210
1211
1211
1211
1213
1213
1214
1214
1214
1217
1218
1219
1220
1222
1224
1225
1225
1226
1227
1228
1228
1228
1228
1228
1230
1232
1232
1234
1234
1235
1235
1237
1239
1239
1240
1240
1240
1243
1243
1244
1244
1244
1244
1244
1247
1247
1247
1247
1250
1251
1252
1255
1255
1256
1256
1256
1257
1261
1261
1263
1264
1266
1266
1268
1269
1270
1271
1272
1273
1273
1273
1275
1275
1275
1275
1276
1279
1280
1285
1285
1285
1287
1288
1289
1290
1291
1292
1293
1293
1295
1296
1296
1296
1297
1301
1302
1303
1303
1304
1305
1307
1307
1309
1312
1313
1314
1316
1317
1318
1319
1320
1320
1322
1324
1324
1326
1326
1328
1329
1329
1330
1331
1331
1332
1333
1334
1334
1335
1336
1337
1337
1337
1338
1341
1342
1343
1343
1344
1344
1346
1347
1348
1348
1349
1353
1353
1355
1356
1358
1358
1359
1361
1361
1361
1362
1363
1364
1364
1365
1366
1367
1368
1368
1368
1370
1370
1371
1371
1372
1372
1373
1373
1374
1374
1374
1375
1377
1378
1380
1380
1382
1382
1384
1385
1385
1385
1389
1389
1389
1390
1391
1393
1393
1393
1393
1394
1394
1396
1398
1398
1399
1400
1400
1401
1401
1401
1401
1401
1404
1404
1405
1405
1406
1406
1406
1408
1408
1408
1409
1409
1410
1411
1411
1413
1413
1414
1414
1414
1414
1415
1416
1416
1416
1419
1420
1421
1421
1421
1422
1423
1424
1424
1424
1427
1427
1427
1430
1430
1431
1431
1431
1431
1432
1432
1433
1436
1437
1442
1444
1444
1444
1445
1446
1446
1448
1448
1450
1450
1450
1451
1451
1453
1453
1454
1454
1455
1457
1457
1458
1459
1459
1460
1460
1460
1460
1463
1464
1464
1465
1465
1466
1466
1467
1467
1469
1469
1469
1470
1474
1476
1477
1483
1484
1485
1486
1486
1487
1487
1488
1488
1490
1490
1494
1499
1500
1500
1501
1501
1502
1503
1503
1504
1504
1506
1507
1508
1508
1509
1510
1510
1513
1513
1513
1515
1516
1517
1518
1520
1521
1523
1523
1524
1525
1527
1527
1528
1533
1533
1533
1535
1536
1536
1536
1537
1538
1538
1541
1541
1543
1543
1546
1547
1548
1549
1550
1551
1551
1552
1555
1555
1556
1557
1560
1561
1562
1562
1563
1563
1564
1565
1568
1568
1569
1569
1569
1571
1571
1572
1573
1576
1578
1579
1579
1580
1581
1583
1583
1584
1585
1586
1586
1587
1589
1589
1590
1592
1592
1595
1596
1597
1597
1597
1599
1600
1601
1601
1602
1602
1603
1606
1607
1607
1608
1608
1609
1609
1609
1609
1609
1609
1610
1610
1611
1611
1611
1613
1614
1615
1617
1617
1617
1618
1618
1619
1619
1619
1622
1622
1623
1623
1624
1625
1627
1628
1629
1629
1630
1631
1631
1631
1631
1632
1632
1632
1633
1633
1633
1634
1634
1635
1636
1637
1638
1639
1639
1639
1641
1642
1643
1643
1643
1643
1643
1643
1644
1645
1645
1645
1646
1646
1647
1647
1648
1648
1649
1649
1649
1649
1650
1650
1650
1652
1653
1653
1654
1654
1655
1655
1658
1660
1660
1662
1662
1664
1664
1664
1666
1666
1667
1667
1668
1669
1669
1670
1671
1671
1671
1672
1674
1674
1674
1674
1674
1675
1676
1676
1677
1677
1677
1678
1678
1678
1678
1679
1680
1681
1681
1681
1686
1686
1689
1689
1689
1691
1691
1692
1693
1693
1693
1695
1695
1696
1697
1698
1699
1699
1701
1702
1702
1702
1702
1703
1704
1704
1705
1707
1708
1708
1710
1710
1711
1712
1714
1714
1714
1714
1715
1716
1716
1718
1720
1720
1720
1721
1721
1724
1726
1728
1728
1732
1733
1733
1734
1735
1738
1739
1739
1739
1739
1740
1741
1743
1743
1744
1744
1744
1744
1745
1746
1746
1747
1747
1748
1748
1748
1748
1749
1749
1749
1750
1750
1751
1753
1753
1754
1754
1758
1759
1760
1760
1761
1761
1762
1763
1763
1763
1763
1764
1764
1765
1768
1772
1772
1773
1774
1776
1777
1777
1777
1777
1778
1780
1780
1781
1782
1782
1783
1784
1785
1785
1785
1785
1787
1787
1788
1789
1789
1789
1791
1792
1792
1792
1793
1793
1794
1794
1798
1798
1798
1798
1798
1799
1799
1800
1801
1801
1802
1805
1805
1807
1807
1807
1807
1809
1810
1811
1812
1813
1814
1816
1816
1817
1818
1818
1819
1820
1820
1820
1820
1821
1822
1823
1823
1824
1824
1825
1825
1826
1827
1828
1829
1830
1832
1832
1833
1834
1835
1835
1835
1835
1836
1837
1838
1838
1838
1838
1839
1840
1840
1840
1843
1844
1844
1845
1845
1847
1847
1847
1848
1849
1849
1849
1849
1850
1852
1853
1853
1854
1854
1854
1855
1855
1855
1855
1856
1856
1857
1857
1859
1859
1862
1862
1863
1863
1864
1865
1865
1865
1866
1866
1868
1868
1868
1868
1868
1869
1870
1872
1872
1873
1873
1874
1874
1875
1875
1876
1877
1878
1880
1883
1883
1884
1885
1885
1885
1886
1886
1886
1887
1888
1888
1889
1889
1889
1890
1890
1890
1890
1891
1891
1892
1893
1893
1893
1893
1894
1895
1895
1895
1896
1897
1897
1898
1899
1900
1900
1902
1903
1903
1903
1904
1904
1906
1907
1907
1907
1907
1907
1908
1909
1909
1909
1909
1909
1909
1910
1910
1911
1911
1911
1912
1912
1916
1916
1917
1918
1919
1920
1921
1923
1925
1927
1928
1928
1929
1929
1930
1931
1931
1931
1931
1932
1932
1932
1933
1936
1936
1938
1939
1939
1940
1940
1940
1941
1941
1941
1943
1944
1945
1945
1946
1947
1950
1951
1952
1952
1952
1953
1953
1954
1956
1956
1957
1958
1958
1958
1960
1961
1961
1961
1964
1964
1965
1966
1967
1968
1968
1968
1971
1972
1973
1973
1974
1974
1975
1976
1977
1978
1979
1979
1980
1981
1981
1982
1982
1982
1983
1984
1986
1986
1989
1990
1991
1991
1991
1992
1993
1995
1996
1996
1996
1998
1999
1999
2000
2002
2004
2005
2005
2006
2006
2007
2007
2008
2009
2011
2011
2011
2012
2013
2013
2014
2014
2014
2014
2015
2015
2016
2017
2018
2019
2023
2024
2025
2025
2026
2026
2028
2028
2030
2030
2031
2033
2036
2036
2037
2037
2037
2038
2040
2041
2042
2042
2043
2043
2044
2046
2046
2047
2047
2050
2051
2052
2053
2054
2054
2055
2055
2055
2055
2056
2056
2056
2057
2058
2058
2059
2059
2061
2061
2062
2065
2068
2068
2068
2069
2070
2070
2071
2071
2073
2073
2074
2074
2075
2075
2075
2077
2078
2078
2079
2079
2079
2083
2084
2084
2085
2085
2086
2086
2086
2087
2087
2089
2089
2090
2091
2093
2097
2097
2098
2098
2099
2099
2101
2101
2102
2102
2102
2103
2103
2103
2104
2105
2105
2105
2106
2106
2107
2108
2108
2110
2111
2112
2113
2113
2115
2115
2117
2118
2122
2124
2125
2125
2125
2125
2128
2128
2128
2129
2129
2129
2129
2130
2133
2133
2134
2135
2135
2138
2138
2139
2139
2140
2140
2141
2141
2142
2143
2143
2144
2145
2145
2147
2147
2148
2149
2149
2151
2151
2155
2156
2157
2158
2159
2161
2161
2162
2163
2163
2164
2164
2166
2168
2170
2170
2171
2171
2172
2173
2174
2174
2175
2177
2181
2183
2184
2184
2184
2184
2184
2186
2187
2187
2189
2190
2191
2191
2191
2195
2196
2196
2196
2197
2198
2199
2200
2200
2201
2202
2202
2205
2208
2208
2209
2209
2212
2214
2214
2215
2216
2216
2218
2219
2219
2220
2221
2221
2221
2221
2221
2222
2222
2224
2225
2225
2226
2227
2229
2230
2230
2231
2231
2232
2232
2232
2233
2233
2234
2234
2235
2235
2235
2236
2237
2238
2240
2241
2241
2241
2242
2244
2245
2245
2245
2246
2246
2248
2248
2248
2249
2250
2250
2252
2252
2252
2258
2260
2262
2262
2263
2263
2267
2268
2268
2268
2268
2269
2269
2269
2270
2271
2271
2272
2272
2275
2276
2277
2277
2277
2278
2282
2283
2284
2284
2285
2285
2285
2286
2286
2286
2290
2290
2290
2290
2291
2291
2292
2292
2293
2294
2294
2294
2295
2295
2296
2297
2298
2298
2299
2299
2300
2300
2301
2301
2304
2304
2306
2306
2306
2307
2307
2308
2308
2309
2309
2311
2311
2312
2312
2315
2316
2316
2317
2318
2318
2318
2319
2320
2321
2322
2322
2323
2323
2323
2323
2324
2324
2325
2325
2325
2325
2325
2326
2326
2327
2328
2329
2330
2330
2330
2330
2331
2331
2332
2334
2336
2337
2337
2339
2339
2340
2341
2341
2342
2342
2342
2345
2346
2346
2347
2347
2348
2348
2348
2349
2349
2351
2352
2352
2353
2354
2354
2355
2359
2359
2360
2361
2361
2363
2364
2366
2367
2368
2368
2368
2368
2371
2371
2371
2371
2373
2374
2374
2374
2375
2375
2375
2376
2376
2376
2378
2378
2380
2380
2380
2381
2381
2381
2383
2384
2385
2387
2391
2392
2393
2394
2394
2395
2395
2395
2397
2397
2397
2399
2399
2399
2400
2400
2402
2402
2402
2404
2404
2406
2406
2407
2407
2410
2412
2413
2414
2414
2415
2415
2416
2416
2417
2419
2419
2420
2421
2423
2424
2425
2425
2427
2427
2427
2428
2429
2433
2433
2434
2434
2435
2436
2437
2437
2437
2438
2439
2439
2439
2439
2440
2441
2441
2442
2445
2448
2448
2450
2450
2451
2454
2454
2455
2457
2457
2458
2458
2459
2459
2460
2463
2463
2463
2464
2464
2466
2466
2467
2468
2468
2469
2470
2471
2471
2471
2472
2473
2474
2474
2474
2474
2475
2476
2478
2479
2479
2480
2480
2481
2482
2483
2484
2485
2485
2485
2486
2487
2487
2488
2488
2490
2491
2493
2494
2495
2496
2498
2498
2499
2500
2500
2500
2501
2501
2501
2502
2505
2505
2506
2506
2506
2509
2510
2512
2512
2512
2513
2514
2514
2517
2517
2518
2518
2521
2522
2523
2524
2524
2525
2525
2526
2526
2528
2528
2528
2530
2530
2535
2535
2536
2537
2537
2539
2539
2541
2541
2542
2543
2544
2545
2545
2546
2546
2547
2547
2548
2548
2549
2550
2550
2551
2551
2552
2554
2555
2555
2555
2556
2556
2556
2556
2556
2557
2559
2559
2561
2561
2561
2561
2564
2565
2565
2565
2565
2566
2567
2568
2568
2568
2569
2570
2570
2570
2572
2574
2574
2574
2575
2575
2577
2577
2578
2581
2581
2582
2583
2583
2584
2584
2585
2585
2585
2586
2587
2587
2588
2588
2591
2591
2591
2594
2595
2595
2595
2596
2598
2598
2598
2599
2599
2600
2601
2602
2603
2605
2605
2605
2606
2606
2607
2607
2607
2608
2609
2610
2611
2612
2613
2613
2614
2616
2617
2618
2618
2620
2622
2623
2623
2624
2625
2627
2628
2629
2629
2629
2630
2630
2630
2630
2631
2633
2635
2635
2636
2636
2639
2639
2640
2641
2642
2642
2644
2645
2647
2647
2647
2648
2648
2648
2649
2649
2650
2651
2652
2652
2654
2654
2655
2655
2655
2655
2656
2658
2659
2660
2661
2662
2662
2662
2663
2664
2666
2667
2668
2669
2669
2670
2671
2672
2672
2673
2674
2675
2675
2676
2677
2678
2679
2680
2681
2682
2682
2684
2685
2686
2686
2687
2688
2690
2690
2691
2693
2697
2698
2699
2700
2701
2701
2701
2703
2704
2705
2706
2706
2708
2709
2709
2710
2710
2711
2712
2712
2712
2713
2714
2715
2716
2716
2717
2717
2718
2718
2719
2720
2723
2724
2725
2725
2726
2727
2727
2728
2729
2729
2730
2730
2731
2732
2734
2734
2735
2736
2736
2737
2738
2738
2739
2739
2740
2740
2740
2742
2743
2744
2745
2746
2746
2747
2747
2750
2752
2752
2752
2753
2755
2755
2755
2755
2757
2758
2761
2763
2763
2764
2764
2764
2765
2765
2765
2767
2770
2773
2774
2774
2775
2775
2776
2776
2778
2779
2779
2780
2780
2780
2780
2781
2782
2784
2784
2785
2785
2785
2786
2787
2789
2791
2792
2793
2794
2796
2796
2798
2800
2800
2801
2802
2802
2803
2803
2804
2804
2805
2810
2814
2814
2816
2817
2818
2820
2820
2821
2821
2822
2822
2823
2823
2823
2826
2827
2829
2829
2829
2830
2831
2831
2832
2832
2833
2835
2835
2837
2838
2841
2841
2842
2845
2847
2848
2848
2848
2849
2849
2850
2852
2854
2855
2856
2857
2858
2858
2859
2861
2862
2863
2863
2864
2864
2865
2866
2867
2868
2872
2872
2874
2874
2875
2875
2875
2878
2879
2879
2880
2882
2885
2886
2886
2889
2889
2890
2890
2890
2892
2894
2894
2894
2894
2895
2895
2895
2902
2903
2905
2905
2906
2906
2906
2907
2909
2909
2910
2912
2913
2915
2918
2918
2920
2923
2925
2925
2925
2925
2926
2927
2927
2930
2931
2933
2934
2934
2936
2936
2937
2937
2939
2944
2944
2945
2945
2946
2949
2950
2951
2952
2953
2954
2955
2956
2956
2957
2957
2963
2963
2963
2965
2966
2970
2971
2971
2972
2973
2974
2974
2975
2976
2977
2977
2978
2980
2980
2980
2983
2984
2984
2984
2985
2987
2988
2989
2990
2991
2991
2992
2992
2993
2996
2997
2997
2998
2998
2999
2999
3002
3002
3005
3006
3007
3008
3011
3014
3017
3018
3018
3019
3020
3020
3020
3023
3023
3023
3024
3024
3025
3025
3026
3028
3028
3029
3029
3029
3030
3030
3032
3032
3035
3035
3036
3037
3037
3038
3039
3039
3039
3045
3046
3046
3047
3048
3049
3049
3053
3054
3054
3055
3059
3059
3060
3060
3060
3062
3062
3068
3069
3069
3070
3072
3073
3074
3074
3075
3076
3077
3078
3078
3078
3078
3078
3078
3080
3080
3084
3084
3085
3087
3089
3089
3089
3090
3091
3093
3094
3094
3094
3094
3095
3095
3095
3096
3097
3098
3100
3103
3105
3106
3108
3110
3110
3110
3111
3114
3117
3118
3118
3118
3122
3123
3126
3126
3127
3128
3128
3128
3130
3132
3132
3132
3133
3134
3138
3139
3142
3143
3143
3143
3144
3145
3149
3150
3150
3150
3151
3152
3152
3153
3154
3154
3154
3154
3155
3156
3156
3156
3157
3157
3161
3161
3164
3166
3166
3166
3166
3166
3168
3169
3169
3170
3170
3171
3173
3174
3176
3176
3182
3183
3183
3183
3184
3185
3189
3190
3192
3192
3192
3195
3195
3197
3198
3198
3199
3200
3200
3201
3201
3201
3202
3204
3207
3210
3210
3211
3211
3214
3214
3215
3216
3216
3217
3218
3218
3220
3222
3223
3223
3223
3228
3232
3232
3232
3234
3234
3234
3238
3238
3238
3239
3239
3241
3241
3241
3242
3245
3247
3247
3247
3248
3248
3249
3249
3250
3250
3250
3251
3254
3256
3259
3262
3264
3266
3268
3269
3269
3270
3270
3271
3273
3273
3273
3275
3277
3277
3278
3280
3282
3283
3284
3287
3288
3288
3289
3289
3290
3292
3293
3294
3294
3296
3296
3297
3297
3298
3299
3301
3301
3301
3301
3302
3302
3303
3304
3308
3309
3309
3310
3311
3311
3311
3312
3313
3313
3314
3315
3321
3322
3324
3325
3325
3326
3327
3329
3332
3333
3334
3336
3339
3340
3341
3341
3341
3341
3343
3343
3344
3344
3347
3348
3349
3349
3350
3350
3351
3354
3355
3355
3356
3356
3361
3361
3362
3365
3366
3368
3369
3369
3370
3373
3373
3374
3375
3376
3377
3378
3380
3380
3381
3382
3383
3384
3384
3386
3386
3388
3388
3388
3389
3395
3395
3397
3397
3398
3399
3402
3403
3408
3409
3410
3413
3417
3418
3418
3419
3419
3419
3421
3422
3423
3424
3425
3425
3426
3427
3428
3431
3432
3433
3434
3435
3436
3436
3437
3441
3441
3441
3442
3442
3445
3447
3447
3448
3449
3449
3450
3450
3450
3451
3451
3452
3458
3459
3460
3461
3462
3464
3464
3464
3464
3464
3467
3468
3473
3474
3474
3475
3475
3476
3477
3480
3481
3482
3483
3484
3486
3488
3488
3489
3490
3492
3496
3497
3498
3498
3499
3503
3505
3506
3507
3508
3510
3511
3511
3511
3512
3513
3513
3513
3516
3517
3519
3520
3521
3522
3523
3523
3523
3527
3528
3529
3531
3532
3532
3534
3535
3535
3536
3536
3537
3538
3539
3539
3540
3540
3541
3546
3546
3550
3552
3553
3553
3553
3556
3556
3556
3559
3560
3561
3562
3563
3565
3565
3566
3566
3566
3566
3567
3567
3570
3572
3573
3575
3575
3576
3577
3581
3581
3582
3582
3582
3583
3583
3584
3584
3585
3587
3587
3587
3588
3589
3589
3591
3592
3593
3593
3593
3595
3600
3602
3602
3605
3605
3605
3606
3606
3607
3608
3611
3612
3613
3613
3616
3617
3618
3620
3620
3621
3621
3621
3624
3625
3626
3626
3627
3628
3629
3630
3630
3632
3633
3635
3635
3638
3640
3640
3642
3642
3642
3643
3648
3648
3650
3650
3651
3651
3655
3656
3656
3661
3661
3661
3664
3664
3665
3666
3669
3670
3671
3671
3673
3673
3676
3678
3679
3682
3682
3682
3684
3685
3686
3688
3688
3693
3693
3696
3699
3699
3702
3703
3705
3705
3705
3705
3706
3706
3708
3710
3710
3714
3716
3718
3719
3720
3721
3721
3722
3725
3726
3726
3727
3728
3729
3730
3730
3730
3731
3732
3733
3736
3737
3737
3738
3739
3739
3743
3744
3745
3745
3746
3750
3751
3752
3752
3753
3754
3754
3754
3756
3758
3759
3759
3760
3762
3762
3762
3764
3768
3769
3769
3769
3771
3772
3772
3774
3774
3775
3775
3777
3781
3786
3787
3788
3790
3791
3791
3791
3792
3793
3793
3793
3794
3794
3797
3799
3799
3800
3802
3803
3803
3804
3805
3805
3808
3808
3809
3809
3810
3810
3811
3813
3814
3820
3820
3820
3822
3824
3824
3827
3828
3828
3831
3832
3833
3833
3834
3836
3836
3836
3837
3837
3837
3838
3838
3839
3842
3846
3848
3848
3850
3851
3852
3853
3854
3855
3858
3859
3860
3861
3862
3862
3862
3863
3864
3867
3868
3869
3870
3870
3870
3871
3873
3874
3876
3877
3877
3878
3882
3882
3882
3883
3884
3889
3889
3890
3891
3893
3894
3897
3898
3898
3898
3899
3900
3900
3903
3903
3903
3904
3904
3905
3906
3912
3914
3916
3917
3918
3919
3920
3921
3921
3923
3926
3927
3927
3928
3929
3930
3931
3931
3931
3933
3934
3934
3934
3934
3934
3934
3938
3940
3941
3942
3943
3943
3943
3945
3945
3945
3946
3946
3946
3947
3947
3948
3948
3949
3950
3951
3952
3953
3953
3953
3956
3957
3958
3960
3961
3962
3963
3965
3966
3966
3967
3971
3971
3971
3973
3973
3976
3976
3977
3977
3978
3978
3979
3979
3980
3980
3981
3981
3982
3983
3983
3986
3988
3988
3989
3990
3990
3990
3992
3993
3993
3994
3995
3995
3998
3999
3999
4001
4002
4002
4002
4002
4003
4003
4003
4013
4013
4018
4021
4022
4023
4024
4024
4025
4025
4026
4026
4026
4027
4028
4028
4033
4037
4038
4039
4040
4043
4043
4044
4044
4044
4044
4045
4046
4047
4049
4050
4050
4052
4053
4055
4058
4058
4058
4060
4061
4061
4063
4063
4065
4066
4067
4069
4070
4070
4071
4072
4073
4074
4078
4079
4079
4082
4086
4088
4090
4091
4092
4093
4093
4093
4094
4095
4098
4099
4099
4102
4102
4102
4104
4105
4107
4110
4110
4111
4111
4112
4112
4113
4115
4116
4121
4122
4125
4126
4127
4128
4130
4131
4133
4133
4133
4133
4134
4135
4137
4139
4142
4144
4149
4150
4151
4152
4155
4155
4156
4156
4157
4161
4162
4163
4164
4170
4171
4171
4173
4173
4175
4176
4177
4177
4177
4177
4177
4178
4179
4185
4185
4189
4190
4192
4193
4196
4198
4198
4199
4200
4200
4201
4205
4210
4211
4211
4213
4214
4215
4215
4217
4220
4221
4225
4226
4228
4229
4233
4233
4234
4235
4235
4236
4236
4236
4237
4237
4237
4237
4238
4239
4242
4243
4243
4246
4246
4246
4247
4247
4248
4249
4249
4250
4251
4252
4252
4254
4256
4256
4256
4257
4258
4258
4260
4262
4262
4262
4262
4262
4264
4268
4268
4268
4270
4270
4272
4272
4273
4274
4276
4278
4278
4279
4279
4279
4280
4280
4282
4282
4283
4284
4286
4289
4290
4291
4297
4298
4298
4298
4300
4301
4303
4304
4306
4306
4307
4309
4311
4312
4315
4315
4318
4318
4319
4319
4319
4320
4321
4322
4323
4323
4325
4326
4326
4326
4327
4329
4330
4331
4332
4333
4334
4335
4339
4342
4342
4343
4344
4344
4345
4346
4347
4348
4350
4351
4352
4352
4353
4353
4356
4358
4360
4362
4362
4362
4362
4363
4364
4365
4365
4365
4366
4367
4368
4369
4370
4375
4377
4377
4377
4377
4378
4378
4379
4379
4380
4380
4381
4382
4382
4383
4384
4386
4388
4388
4388
4389
4392
4394
4394
4395
4396
4396
4396
4398
4400
4403
4403
4404
4404
4405
4406
4407
4407
4407
4410
4410
4413
4415
4415
4416
4417
4417
4418
4418
4419
4420
4420
4421
4422
4423
4423
4424
4426
4426
4427
4428
4429
4434
4434
4435
4436
4436
4436
4437
4437
4438
4438
4441
4441
4443
4445
4445
4448
4449
4449
4452
4454
4454
4455
4456
4457
4458
4460
4461
4461
4462
4464
4466
4468
4469
4469
4470
4470
4473
4474
4474
4476
4476
4478
4478
4478
4479
4480
4480
4481
4482
4482
4486
4487
4491
4491
4491
4492
4494
4497
4499
4499
4500
4500
4501
4501
4501
4503
4507
4507
4509
4510
4510
4512
4512
4513
4514
4514
4518
4522
4522
4522
4524
4524
4524
4524
4524
4525
4527
4528
4533
4533
4534
4534
4534
4534
4538
4538
4539
4542
4543
4543
4544
4544
4544
4546
4547
4547
4547
4547
4552
4552
4553
4557
4558
4560
4562
4567
4569
4570
4571
4574
4576
4578
4581
4583
4584
4585
4585
4586
4592
4593
4595
4597
4598
4598
4599
4599
4599
4599
4599
4600
4601
4601
4602
4602
4603
4603
4605
4606
4606
4606
4608
4609
4609
4610
4611
4613
4613
4613
4615
4616
4618
4622
4622
4622
4623
4623
4624
4624
4625
4626
4626
4626
4627
4627
4630
4630
4631
4632
4632
4633
4634
4635
4636
4637
4639
4639
4641
4643
4643
4645
4645
4646
4646
4647
4647
4647
4648
4649
4649
4654
4655
4656
4656
4658
4659
4659
4659
4659
4660
4661
4662
4663
4664
4664
4665
4665
4667
4669
4671
4671
4671
4671
4672
4673
4673
4675
4676
4677
4678
4678
4678
4679
4683
4683
4683
4686
4686
4687
4689
4689
4690
4690
4690
4690
4690
4692
4692
4694
4694
4695
4695
4698
4700
4701
4702
4702
4703
4703
4703
4704
4707
4708
4708
4711
4713
4713
4714
4714
4715
4716
4716
4717
4717
4719
4720
4724
4724
4725
4725
4726
4727
4729
4729
4729
4729
4731
4731
4732
4733
4733
4736
4736
4736
4737
4737
4737
4738
4739
4740
4741
4741
4741
4742
4743
4744
4747
4748
4748
4749
4753
4753
4754
4755
4755
4756
4756
4759
4760
4760
4760
4760
4761
4761
4762
4762
4764
4765
4766
4767
4767
4768
4769
4770
4774
4776
4777
4777
4779
4780
4782
4782
4785
4785
4786
4786
4788
4789
4791
4792
4794
4794
4794
4795
4797
4798
4801
4801
4802
4803
4803
4804
4808
4811
4811
4812
4812
4814
4815
4817
4821
4825
4826
4827
4827
4828
4830
4830
4830
4831
4834
4836
4836
4836
4837
4837
4838
4839
4839
4841
4842
4844
4844
4844
4846
4848
4848
4849
4850
4852
4853
4855
4856
4856
4856
4857
4857
4860
4861
4861
4861
4863
4864
4868
4868
4868
4871
4871
4872
4873
4873
4875
4875
4883
4887
4891
4891
4894
4894
4895
4895
4895
4896
4898
4899
4901
4901
4904
4905
4906
4907
4911
4911
4913
4914
4915
4916
4916
4916
4916
4917
4917
4918
4918
4921
4922
4922
4922
4922
4924
4926
4926
4927
4928
4929
4930
4931
4931
4931
4931
4932
4932
4932
4933
4935
4935
4935
4936
4938
4938
4939
4943
4944
4945
4946
4947
4947
4948
4950
4951
4953
4953
4953
4956
4957
4957
4958
4959
4960
4961
4961
4962
4963
4964
4964
4964
4965
4966
4967
4967
4968
4969
4969
4972
4972
4974
4974
4975
4975
4978
4982
4983
4985
4985
4986
4987
4987
4991
4991
4991
4992
4993
4994
4994
4994
4995
4998
5000
5001
5003
5003
5003
5004
5006
5009
5009
5010
5011
5016
5017
5018
5021
5021
5021
5021
5023
5023
5024
5025
5027
5028
5028
5030
5031
5031
5032
5033
5034
5034
5038
5038
5039
5041
5042
5042
5043
5043
5044
5045
5045
5046
5047
5047
5048
5049
5049
5051
5051
5055
5055
5058
5058
5059
5060
5060
5062
5065
5066
5068
5069
5069
5073
5073
5074
5075
5075
5078
5080
5084
5084
5085
5085
5085
5087
5087
5087
5088
5092
5096
5096
5100
5100
5102
5102
5104
5107
5107
5108
5109
5109
5111
5112
5112
5113
5114
5115
5117
5119
5123
5127
5128
5130
5131
5131
5132
5134
5135
5136
5136
5137
5138
5139
5139
5142
5142
5144
5146
5148
5149
5150
5150
5152
5155
5156
5158
5160
5160
5162
5162
5162
5163
5165
5167
5167
5167
5167
5172
5172
5173
5175
5177
5177
5180
5180
5182
5184
5184
5185
5187
5189
5191
5191
5192
5194
5202
5203
5205
5205
5205
5206
5208
5209
5209
5212
5214
5217
5218
5219
5221
5221
5222
5225
5225
5225
5225
5225
5227
5229
5231
5231
5231
5231
5233
5233
5234
5234
5235
5235
5235
5236
5239
5241
5242
5243
5244
5244
5245
5245
5246
5246
5247
5247
5250
5251
5253
5256
5260
5261
5263
5265
5266
5268
5270
5270
5270
5272
5273
5273
5274
5275
5275
5275
5276
5278
5278
5279
5279
5284
5286
5287
5288
5288
5289
5292
5295
5295
5295
5295
5296
5296
5297
5297
5300
5301
5301
5303
5304
5305
5305
5306
5306
5307
5308
5309
5311
5315
5318
5319
5321
5321
5321
5322
5322
5323
5324
5326
5327
5327
5327
5330
5330
5331
5333
5333
5335
5336
5338
5338
5340
5341
5342
5344
5345
5346
5346
5347
5347
5348
5348
5353
5354
5355
5355
5356
5357
5358
5359
5366
5367
5369
5370
5370
5371
5372
5374
5374
5375
5375
5377
5378
5379
5380
5381
5382
5382
5383
5383
5383
5385
5385
5386
5386
5388
5388
5389
5390
5391
5391
5392
5392
5393
5394
5401
5402
5403
5403
5404
5405
5406
5406
5407
5411
5411
5412
5413
5416
5417
5418
5419
5421
5421
5422
5422
5424
5425
5425
5428
5429
5430
5431
5432
5433
5434
5436
5438
5440
5440
5442
5444
5444
5444
5445
5447
5447
5447
5448
5448
5449
5452
5452
5453
5454
5458
5458
5460
5461
5462
5462
5466
5471
5472
5473
5473
5474
5476
5477
5477
5478
5478
5480
5480
5480
5480
5481
5482
5483
5485
5486
5487
5488
5488
5490
5490
5491
5492
5494
5494
5494
5494
5495
5495
5495
5497
5498
5500
5504
5504
5507
5511
5512
5513
5515
5516
5519
5521
5522
5523
5525
5525
5526
5527
5528
5530
5530
5530
5533
5534
5534
5535
5536
5536
5539
5541
5542
5544
5545
5545
5546
5547
5547
5548
5551
5553
5555
5556
5556
5557
5557
5559
5561
5562
5563
5563
5564
5565
5567
5568
5570
5571
5573
5573
5573
5575
5575
5575
5575
5578
5580
5581
5582
5583
5586
5587
5587
5587
5590
5591
5591
5592
5593
5593
5594
5595
5596
5596
5597
5599
5600
5600
5600
5601
5601
5603
5604
5604
5604
5605
5606
5607
5608
5609
5610
5611
5612
5612
5613
5613
5616
5617
5618
5618
5620
5621
5621
5622
5624
5625
5627
5629
5630
5632
5632
5633
5635
5635
5636
5639
5641
5643
5643
5644
5645
5647
5647
5647
5648
5649
5651
5652
5653
5654
5655
5656
5657
5659
5659
5660
5661
5665
5666
5667
5667
5668
5668
5669
5670
5670
5671
5673
5673
5673
5676
5676
5676
5678
5678
5679
5679
5679
5680
5688
5688
5691
5691
5693
5693
5693
5696
5697
5698
5698
5699
5700
5702
5702
5703
5704
5705
5705
5706
5709
5709
5711
5712
5713
5717
5717
5719
5722
5722
5723
5723
5724
5726
5727
5728
5728
5729
5729
5732
5733
5736
5736
5736
5738
5739
5739
5740
5742
5743
5744
5747
5748
5749
5749
5749
5750
5751
5751
5752
5754
5754
5755
5757
5757
5757
5760
5760
5762
5763
5766
5767
5767
5768
5769
5769
5771
5773
5774
5777
5780
5780
5781
5784
5784
5787
5792
5792
5794
5798
5798
5799
5800
5800
5800
5801
5801
5801
5803
5804
5808
5808
5809
5810
5810
5810
5812
5812
5812
5814
5815
5816
5817
5817
5817
5819
5820
5820
5822
5823
5824
5824
5825
5826
5827
5827
5828
5828
5831
5832
5835
5836
5837
5837
5837
5838
5839
5843
5844
5844
5845
5848
5850
5857
5859
5860
5861
5861
5862
5863
5864
5865
5866
5866
5866
5866
5867
5869
5872
5875
5875
5876
5878
5880
5881
5882
5884
5884
5886
5887
5887
5888
5888
5889
5889
5892
5893
5893
5893
5894
5895
5895
5897
5900
5900
5901
5902
5903
5904
5907
5908
5909
5910
5910
5914
5914
5914
5916
5919
5920
5920
5921
5921
5924
5924
5925
5927
5927
5927
5932
5932
5934
5935
5935
5938
5940
5940
5941
5941
5942
5945
5946
5946
5946
5952
5952
5952
5953
5953
5955
5958
5958
5959
5959
5963
5965
5969
5970
5970
5971
5972
5972
5974
5974
5975
5975
5975
5976
5977
5977
5977
5978
5978
5979
5980
5983
5986
5986
5987
5989
5989
5991
5992
5993
5993
5993
5993
5996
5997
5997
5998
5999
6001
6001
6002
6003
6003
6006
6008
6008
6012
6012
6013
6013
6016
6016
6018
6019
6020
6021
6023
6023
6027
6029
6031
6031
6032
6032
6033
6036
6037
6038
6039
6039
6039
6041
6044
6044
6045
6046
6047
6048
6048
6050
6053
6059
6060
6060
6062
6063
6065
6065
6066
6067
6069
6071
6071
6071
6071
6071
6071
6075
6076
6077
6078
6078
6080
6081
6082
6083
6083
6085
6086
6086
6087
6088
6089
6090
6092
6092
6093
6093
6094
6095
6095
6097
6097
6100
6100
6100
6101
6103
6104
6107
6107
6107
6110
6111
6113
6114
6115
6116
6117
6119
6120
6120
6120
6121
6121
6121
6122
6122
6126
6128
6128
6129
6130
6131
6132
6132
6132
6135
6135
6136
6136
6136
6141
6142
6142
6142
6143
6143
6144
6145
6146
6147
6149
6150
6151
6151
6152
6157
6158
6159
6159
6160
6160
6163
6166
6167
6168
6168
6170
6170
6171
6171
6172
6173
6174
6174
6174
6175
6176
6176
6178
6179
6180
6181
6182
6183
6184
6185
6186
6187
6193
6195
6195
6199
6202
6203
6203
6203
6203
6204
6205
6208
6208
6209
6209
6209
6211
6212
6214
6214
6214
6215
6215
6217
6218
6219
6220
6220
6220
6222
6222
6226
6227
6227
6228
6230
6231
6235
6236
6236
6236
6237
6237
6237
6237
6242
6242
6247
6249
6250
6251
6254
6254
6256
6256
6256
6263
6263
6264
6266
6271
6272
6273
6273
6274
6274
6274
6275
6275
6276
6276
6276
6278
6279
6281
6282
6284
6284
6284
6286
6286
6288
6289
6290
6291
6292
6293
6293
6294
6294
6294
6296
6296
6297
6297
6298
6298
6299
6299
6300
6300
6302
6304
6304
6305
6305
6305
6305
6308
6309
6309
6310
6311
6312
6313
6315
6318
6318
6318
6318
6319
6320
6320
6320
6320
6321
6321
6324
6324
6324
6325
6326
6327
6331
6331
6332
6335
6335
6339
6341
6345
6346
6347
6348
6352
6352
6353
6358
6358
6359
6359
6360
6360
6361
6362
6363
6363
6364
6364
6365
6366
6369
6369
6370
6371
6371
6371
6374
6375
6378
6381
6382
6383
6383
6384
6385
6385
6385
6386
6386
6387
6387
6387
6387
6390
6392
6393
6393
6394
6395
6396
6397
6398
6398
6399
6400
6400
6401
6402
6403
6405
6408
6408
6410
6410
6412
6414
6416
6416
6419
6420
6420
6421
6421
6422
6427
6430
6430
6431
6431
6432
6432
6433
6434
6436
6438
6438
6440
6440
6444
6446
6446
6447
6448
6449
6449
6451
6451
6453
6453
6456
6459
6459
6463
6465
6466
6467
6467
6469
6470
6471
6472
6472
6473
6473
6473
6474
6475
6475
6476
6477
6478
6480
6481
6482
6482
6483
6484
6485
6486
6486
6487
6487
6488
6489
6490
6493
6494
6497
6499
6500
6501
6504
6504
6505
6505
6505
6505
6506
6506
6507
6507
6508
6508
6510
6510
6512
6514
6515
6517
6517
6521
6523
6523
6525
6527
6527
6528
6529
6530
6531
6531
6532
6533
6533
6534
6536
6536
6537
6539
6540
6541
6543
6544
6545
6545
6545
6548
6548
6548
6554
6554
6554
6556
6557
6557
6557
6557
6558
6559
6560
6560
6561
6563
6564
6564
6564
6565
6565
6567
6567
6567
6569
6569
6569
6572
6572
6575
6576
6576
6579
6580
6580
6583
6583
6583
6584
6585
6585
6586
6586
6592
6593
6594
6595
6596
6597
6597
6599
6599
6600
6602
6603
6604
6604
6604
6605
6605
6606
6606
6607
6608
6609
6609
6612
6613
6614
6614
6616
6618
6619
6624
6624
6627
6628
6630
6630
6631
6632
6632
6634
6635
6635
6636
6636
6637
6643
6643
6644
6650
6650
6650
6651
6651
6652
6653
6653
6654
6655
6655
6655
6658
6659
6659
6660
6661
6661
6663
6665
6665
6667
6668
6669
6670
6671
6671
6676
6677
6678
6678
6679
6680
6682
6684
6686
6687
6687
6692
6692
6696
6698
6698
6698
6698
6698
6700
6703
6703
6704
6705
6706
6707
6707
6710
6711
6711
6712
6712
6714
6715
6715
6716
6716
6717
6717
6718
6719
6720
6721
6721
6721
6721
6721
6723
6725
6725
6726
6726
6727
6727
6728
6730
6730
6732
6732
6733
6734
6735
6735
6736
6737
6738
6739
6740
6740
6741
6742
6743
6747
6747
6749
6751
6751
6751
6752
6752
6753
6755
6756
6756
6757
6757
6758
6758
6758
6759
6759
6760
6760
6760
6760
6760
6761
6761
6761
6761
6761
6762
6763
6764
6765
6766
6766
6769
6770
6771
6771
6772
6773
6774
6776
6777
6777
6778
6780
6783
6783
6783
6784
6784
6787
6787
6789
6791
6793
6793
6795
6797
6797
6798
6799
6801
6801
6801
6802
6802
6802
6803
6804
6804
6806
6807
6808
6809
6809
6809
6812
6812
6821
6823
6826
6827
6827
6827
6829
6830
6831
6833
6837
6837
6839
6839
6841
6842
6843
6843
6846
6848
6848
6850
6851
6854
6854
6856
6857
6860
6860
6861
6861
6862
6862
6866
6868
6869
6870
6871
6871
6871
6875
6876
6877
6878
6879
6880
6880
6882
6883
6885
6887
6888
6889
6890
6893
6894
6894
6896
6896
6897
6899
6899
6900
6901
6903
6904
6908
6911
6911
6912
6916
6918
6919
6919
6919
6921
6923
6925
6925
6925
6925
6926
6929
6929
6930
6931
6932
6932
6933
6933
6934
6934
6935
6935
6938
6938
6940
6942
6943
6947
6947
6948
6949
6949
6951
6952
6952
6953
6954
6955
6957
6959
6960
6961
6962
6965
6965
6965
6966
6966
6966
6967
6968
6968
6969
6972
6972
6972
6973
6973
6973
6973
6974
6975
6976
6978
6985
6986
6986
6988
6989
6990
6990
6992
6992
6996
6998
7000
7001
7003
7003
7005
7005
7006
7006
7007
7007
7008
7008
7008
7008
7008
7011
7013
7015
7016
7016
7017
7017
7018
7018
7018
7020
7021
7021
7023
7023
7023
7026
7027
7028
7031
7032
7032
7035
7037
7038
7040
7040
7041
7041
7042
7044
7045
7045
7047
7048
7048
7048
7049
7050
7051
7052
7056
7056
7058
7060
7062
7062
7065
7066
7069
7070
7075
7076
7080
7080
7082
7083
7083
7083
7085
7087
7087
7088
7089
7089
7089
7089
7090
7090
7090
7091
7091
7091
7091
7092
7093
7093
7094
7095
7097
7097
7097
7098
7098
7101
7102
7104
7105
7107
7109
7109
7109
7110
7111
7111
7113
7115
7116
7117
7117
7117
7118
7118
7120
7121
7121
7122
7125
7125
7126
7126
7127
7127
7129
7130
7133
7133
7135
7135
7137
7138
7139
7139
7141
7143
7144
7145
7145
7146
7146
7149
7154
7154
7154
7155
7156
7157
7158
7159
7161
7161
7162
7162
7165
7165
7166
7169
7171
7172
7174
7176
7176
7177
7177
7179
7182
7183
7183
7183
7184
7184
7185
7185
7186
7186
7186
7188
7189
7193
7193
7193
7193
7194
7195
7195
7196
7197
7197
7198
7200
7203
7203
7206
7207
7209
7209
7209
7211
7212
7212
7213
7215
7215
7215
7215
7215
7219
7224
7231
7232
7232
7233
7234
7236
7236
7236
7237
7237
7238
7238
7238
7239
7242
7243
7243
7244
7245
7245
7246
7247
7247
7248
7249
7253
7253
7255
7256
7256
7256
7257
7262
7262
7262
7263
7265
7265
7268
7269
7269
7269
7271
7271
7274
7274
7275
7275
7276
7278
7279
7280
7282
7282
7287
7287
7287
7287
7290
7291
7293
7294
7297
7297
7297
7300
7301
7303
7305
7305
7306
7307
7308
7309
7309
7310
7311
7312
7314
7315
7316
7317
7318
7319
7320
7320
7320
7322
7322
7322
7324
7325
7325
7330
7330
7332
7334
7334
7335
7336
7338
7338
7338
7339
7339
7339
7340
7342
7342
7343
7348
7349
7349
7352
7352
7353
7353
7354
7355
7356
7358
7358
7359
7361
7362
7365
7369
7369
7371
7376
7377
7378
7378
7379
7379
7381
7382
7383
7383
7383
7384
7385
7385
7386
7388
7390
7391
7393
7393
7394
7398
7400
7402
7403
7405
7405
7406
7407
7407
7409
7409
7410
7410
7416
7417
7418
7419
7420
7421
7421
7421
7422
7425
7425
7425
7425
7426
7427
7429
7433
7434
7434
7435
7435
7436
7436
7437
7439
7440
7442
7446
7448
7449
7449
7450
7450
7452
7454
7454
7454
7456
7456
7457
7458
7458
7459
7460
7461
7461
7462
7462
7463
7463
7467
7469
7470
7471
7471
7471
7472
7472
7473
7473
7474
7474
7475
7475
7475
7476
7477
7478
7480
7480
7483
7484
7484
7484
7485
7486
7488
7488
7489
7489
7490
7491
7491
7492
7492
7493
7493
7493
7495
7495
7496
7497
7500
7501
7502
7503
7510
7510
7511
7511
7512
7512
7514
7514
7515
7516
7516
7516
7518
7518
7519
7520
7520
7520
7521
7521
7521
7521
7524
7524
7524
7525
7526
7526
7526
7526
7527
7528
7529
7530
7532
7534
7534
7534
7535
7535
7535
7536
7538
7542
7547
7547
7547
7548
7549
7549
7551
7551
7551
7553
7554
7554
7555
7555
7557
7558
7560
7562
7563
7564
7564
7565
7565
7567
7567
7568
7569
7569
7569
7570
7572
7573
7573
7574
7574
7575
7575
7578
7579
7579
7579
7583
7583
7585
7586
7587
7588
7592
7594
7595
7596
7596
7597
7598
7598
7600
7604
7607
7607
7608
7609
7610
7610
7611
7613
7614
7616
7616
7617
7618
7618
7621
7623
7624
7635
7637
7637
7637
7638
7639
7640
7642
7645
7647
7651
7653
7654
7654
7656
7656
7657
7658
7659
7659
7660
7660
7661
7662
7662
7665
7666
7666
7667
7668
7668
7670
7670
7671
7673
7674
7675
7676
7679
7681
7684
7685
7686
7689
7690
7690
7692
7694
7695
7695
7695
7696
7696
7697
7697
7697
7700
7701
7702
7702
7702
7703
7704
7706
7708
7708
7708
7709
7709
7710
7711
7714
7716
7717
7717
7720
7721
7721
7721
7721
7722
7723
7723
7726
7726
7727
7730
7731
7733
7733
7733
7733
7734
7736
7736
7737
7739
7741
7741
7743
7743
7743
7743
7744
7745
7746
7748
7748
7749
7750
7750
7752
7752
7753
7754
7755
7757
7757
7758
7760
7762
7762
7762
7763
7768
7770
7770
7772
7772
7773
7774
7774
7776
7779
7779
7780
7781
7781
7781
7782
7782
7785
7787
7788
7789
7791
7793
7794
7794
7795
7796
7797
7797
7799
7801
7802
7803
7806
7806
7807
7807
7810
7810
7811
7812
7812
7813
7814
7815
7821
7823
7823
7824
7824
7824
7828
7830
7830
7832
7833
7834
7838
7838
7838
7841
7843
7843
7843
7844
7844
7844
7846
7847
7847
7847
7848
7849
7851
7851
7851
7852
7853
7853
7853
7854
7854
7855
7856
7857
7860
7860
7860
7861
7863
7863
7864
7864
7864
7868
7868
7868
7870
7872
7873
7877
7877
7879
7880
7881
7881
7882
7884
7884
7885
7888
7889
7892
7894
7894
7895
7897
7899
7899
7902
7903
7905
7906
7907
7907
7908
7910
7910
7911
7912
7912
7914
7916
7917
7919
7919
7921
7923
7923
7923
7924
7926
7926
7926
7928
7928
7933
7935
7936
7938
7939
7939
7940
7940
7941
7941
7941
7943
7944
7945
7945
7946
7946
7946
7947
7947
7948
7951
7952
7953
7953
7954
7954
7954
7956
7962
7963
7964
7964
7964
7966
7966
7966
7966
7968
7968
7968
7968
7970
7970
7970
7971
7972
7974
7975
7976
7978
7978
7980
7989
7989
7990
7990
7992
7992
7994
7995
7997
7999
8000
8002
8003
8004
8004
8005
8005
8006
8009
8013
8013
8015
8017
8024
8025
8025
8026
8027
8028
8033
8035
8035
8035
8035
8035
8036
8037
8038
8039
8039
8040
8042
8044
8044
8049
8050
8050
8051
8052
8053
8053
8057
8058
8058
8059
8059
8059
8061
8063
8064
8064
8065
8066
8068
8068
8069
8069
8069
8069
8071
8072
8072
8072
8072
8073
8073
8074
8076
8078
8079
8081
8083
8083
8085
8085
8086
8086
8087
8088
8090
8095
8096
8097
8097
8097
8098
8099
8099
8099
8099
8101
8103
8103
8104
8104
8104
8105
8110
8112
8113
8114
8114
8116
8116
8117
8119
8120
8120
8122
8123
8124
8125
8126
8127
8128
8128
8131
8131
8134
8134
8135
8135
8136
8136
8138
8139
8140
8141
8141
8145
8146
8148
8149
8152
8155
8156
8157
8157
8158
8160
8160
8162
8162
8163
8164
8167
8168
8169
8169
8170
8175
8175
8176
8177
8178
8179
8181
8181
8182
8183
8183
8185
8186
8186
8188
8189
8193
8195
8195
8197
8198
8198
8198
8199
8201
8201
8201
8202
8203
8206
8206
8206
8207
8207
8207
8209
8209
8209
8209
8210
8210
8210
8210
8211
8213
8213
8215
8218
8219
8221
8223
8223
8224
8225
8227
8227
8229
8229
8230
8231
8235
8236
8236
8236
8236
8239
8239
8240
8241
8241
8242
8243
8243
8245
8246
8246
8247
8247
8247
8248
8250
8250
8255
8256
8257
8259
8260
8260
8261
8261
8263
8264
8264
8267
8267
8268
8269
8269
8270
8272
8275
8276
8277
8278
8279
8279
8280
8281
8287
8288
8288
8288
8289
8289
8289
8291
8292
8292
8292
8292
8293
8293
8294
8296
8297
8299
8300
8301
8301
8301
8302
8305
8305
8307
8307
8308
8309
8309
8309
8311
8313
8313
8314
8314
8315
8316
8317
8318
8318
8319
8322
8323
8324
8325
8326
8327
8328
8329
8329
8330
8332
8334
8334
8334
8336
8337
8338
8339
8340
8343
8343
8344
8345
8346
8348
8349
8350
8352
8352
8353
8354
8355
8356
8356
8358
8361
8362
8363
8364
8366
8367
8367
8368
8369
8369
8369
8369
8369
8372
8374
8375
8375
8377
8378
8380
8381
8381
8384
8384
8386
8387
8387
8387
8388
8390
8390
8390
8391
8391
8391
8393
8394
8396
8398
8404
8405
8405
8411
8415
8415
8417
8417
8418
8421
8424
8424
8424
8424
8426
8427
8427
8428
8430
8430
8431
8433
8433
8437
8440
8440
8441
8441
8442
8442
8446
8451
8452
8455
8458
8459
8459
8459
8460
8460
8460
8461
8463
8463
8465
8465
8468
8469
8477
8478
8478
8478
8478
8480
8481
8482
8483
8487
8487
8488
8490
8494
8495
8497
8499
8500
8500
8500
8501
8502
8503
8504
8508
8508
8509
8509
8510
8513
8513
8514
8515
8517
8518
8518
8519
8519
8520
8520
8521
8524
8525
8526
8528
8529
8529
8531
8532
8533
8534
8534
8536
8538
8538
8539
8540
8540
8544
8545
8545
8548
8548
8549
8549
8551
8551
8552
8553
8555
8555
8556
8557
8557
8558
8558
8560
8561
8561
8562
8563
8565
8565
8566
8566
8568
8570
8573
8574
8575
8576
8576
8577
8582
8582
8585
8586
8588
8588
8588
8589
8592
8592
8592
8595
8596
8596
8597
8597
8599
8599
8600
8603
8604
8606
8606
8607
8608
8608
8609
8614
8614
8615
8616
8617
8617
8619
8622
8622
8623
8626
8627
8628
8629
8629
8629
8630
8632
8632
8633
8634
8634
8635
8636
8636
8639
8639
8639
8640
8640
8641
8641
8642
8643
8644
8646
8647
8649
8651
8651
8651
8652
8653
8655
8655
8657
8659
8660
8661
8662
8663
8667
8668
8669
8670
8670
8671
8672
8673
8674
8676
8677
8679
8679
8680
8681
8683
8684
8685
8686
8686
8688
8691
8691
8694
8695
8696
8697
8697
8697
8698
8698
8699
8700
8700
8702
8703
8703
8703
8704
8704
8707
8707
8709
8709
8710
8711
8712
8713
8716
8716
8717
8717
8718
8718
8718
8720
8721
8721
8721
8725
8727
8727
8730
8731
8733
8734
8735
8736
8737
8738
8740
8740
8741
8743
8745
8747
8747
8747
8749
8750
8751
8751
8752
8753
8753
8754
8755
8756
8757
8757
8758
8759
8760
8763
8763
8763
8764
8764
8766
8769
8770
8770
8770
8772
8773
8773
8774
8775
8776
8777
8777
8778
8778
8779
8780
8780
8782
8784
8785
8787
8789
8789
8791
8792
8793
8793
8793
8793
8794
8795
8796
8797
8798
8803
8805
8806
8808
8809
8810
8813
8813
8814
8814
8815
8818
8820
8822
8824
8824
8824
8825
8826
8827
8828
8829
8829
8830
8830
8831
8833
8836
8836
8836
8840
8840
8840
8840
8841
8841
8842
8845
8846
8846
8847
8847
8849
8852
8853
8853
8855
8857
8857
8857
8859
8859
8860
8860
8861
8863
8864
8864
8864
8867
8867
8868
8868
8868
8868
8869
8871
8873
8873
8875
8877
8878
8880
8880
8881
8882
8883
8883
8884
8884
8885
8886
8886
8887
8888
8888
8888
8889
8890
8892
8892
8892
8893
8894
8895
8896
8899
8899
8900
8900
8900
8901
8903
8903
8907
8907
8909
8909
8911
8911
8911
8914
8916
8916
8917
8918
8918
8920
8920
8920
8921
8925
8926
8926
8926
8927
8927
8928
8928
8929
8929
8932
8933
8934
8935
8935
8936
8936
8937
8938
8939
8939
8939
8941
8941
8942
8942
8942
8942
8943
8943
8949
8951
8952
8953
8953
8954
8955
8956
8957
8958
8958
8960
8960
8961
8962
8963
8963
8963
8963
8965
8968
8970
8971
8973
8973
8978
8979
8979
8983
8985
8986
8987
8989
8989
8989
8990
8993
8993
8995
8997
8998
8998
9000
9001
9002
9003
9008
9009
9010
9010
9012
9012
9012
9012
9014
9014
9015
9017
9020
9021
9021
9022
9024
9024
9027
9028
9030
9031
9031
9033
9037
9037
9037
9038
9041
9041
9041
9042
9047
9049
9053
9053
9056
9057
9058
9058
9058
9060
9064
9065
9066
9067
9067
9067
9067
9068
9068
9073
9073
9074
9074
9075
9076
9076
9079
9083
9083
9084
9089
9091
9092
9092
9093
9095
9097
9097
9099
9099
9099
9100
9100
9102
9102
9104
9105
9105
9105
9106
9107
9108
9110
9111
9113
9114
9116
9117
9118
9119
9119
9120
9120
9121
9122
9124
9125
9126
9127
9127
9128
9129
9132
9132
9133
9135
9136
9137
9137
9138
9138
9138
9138
9139
9140
9141
9142
9147
9150
9150
9150
9153
9154
9155
9160
9161
9162
9164
9167
9167
9168
9170
9170
9170
9173
9174
9175
9177
9178
9179
9180
9181
9186
9187
9187
9191
9192
9193
9193
9194
9198
9198
9198
9201
9202
9202
9204
9205
9205
9206
9206
9206
9207
9207
9209
9209
9210
9214
9216
9216
9216
9219
9220
9221
9221
9222
9222
9223
9224
9224
9225
9225
9226
9228
9229
9229
9230
9230
9231
9231
9233
9233
9235
9236
9237
9237
9237
9238
9238
9238
9239
9239
9239
9240
9240
9241
9242
9242
9244
9244
9245
9246
9246
9246
9250
9250
9252
9252
9253
9254
9254
9259
9261
9263
9263
9264
9266
9267
9267
9268
9271
9273
9274
9274
9275
9277
9277
9281
9283
9283
9285
9285
9286
9288
9289
9289
9290
9291
9292
9292
9292
9295
9297
9298
9299
9299
9300
9300
9300
9302
9303
9305
9307
9308
9308
9308
9308
9309
9309
9310
9311
9312
9313
9313
9315
9317
9318
9319
9321
9322
9322
9322
9322
9325
9326
9326
9327
9328
9328
9329
9329
9330
9331
9333
9333
9333
9335
9335
9335
9336
9339
9341
9345
9346
9347
9347
9348
9348
9349
9349
9350
9352
9353
9355
9357
9357
9357
9357
9361
9362
9367
9367
9367
9368
9368
9368
9369
9371
9372
9374
9374
9376
9376
9376
9378
9378
9379
9380
9381
9381
9385
9386
9387
9391
9391
9392
9392
9393
9394
9395
9398
9401
9401
9402
9402
9405
9409
9409
9409
9410
9410
9411
9413
9413
9414
9414
9414
9414
9415
9415
9417
9418
9419
9419
9420
9420
9423
9425
9426
9426
9429
9432
9433
9433
9434
9434
9435
9436
9438
9439
9442
9443
9443
9444
9446
9447
9447
9448
9449
9450
9450
9450
9454
9456
9457
9458
9460
9461
9463
9464
9464
9464
9465
9465
9465
9466
9467
9467
9467
9468
9476
9476
9477
9477
9479
9480
9482
9483
9483
9484
9485
9485
9488
9489
9490
9491
9493
9493
9493
9495
9496
9498
9498
9500
9500
9503
9504
9507
9508
9508
9509
9510
9511
9513
9513
9513
9513
9514
9517
9518
9519
9520
9520
9521
9523
9523
9523
9526
9526
9526
9526
9526
9528
9528
9528
9529
9531
9531
9532
9533
9533
9537
9538
9538
9538
9539
9540
9541
9541
9543
9545
9545
9546
9547
9547
9547
9549
9549
9551
9553
9555
9557
9557
9557
9562
9563
9563
9567
9570
9572
9572
9574
9575
9576
9576
9577
9579
9580
9582
9582
9582
9583
9585
9589
9589
9590
9591
9591
9592
9592
9593
9594
9595
9597
9599
9603
9604
9605
9607
9610
9613
9613
9617
9617
9618
9618
9619
9619
9621
9621
9626
9626
9632
9632
9636
9638
9639
9640
9640
9641
9642
9645
9645
9646
9647
9650
9650
9651
9652
9654
9655
9655
9656
9659
9659
9661
9662
9662
9662
9663
9663
9664
9664
9665
9668
9669
9669
9670
9671
9671
9671
9672
9675
9675
9676
9676
9677
9678
9679
9679
9680
9680
9681
9681
9681
9683
9685
9686
9688
9688
9690
9690
9691
9691
9693
9695
9695
9696
9697
9697
9697
9697
9698
9698
9699
9701
9701
9705
9706
9707
9709
9709
9712
9712
9712
9713
9714
9714
9716
9716
9718
9720
9720
9721
9721
9723
9725
9727
9727
9728
9730
9731
9732
9733
9734
9735
9736
9736
9737
9742
9743
9743
9746
9748
9748
9753
9756
9757
9757
9758
9759
9759
9760
9760
9760
9761
9761
9765
9765
9769
9771
9771
9773
9774
9775
9775
9776
9778
9778
9778
9778
9779
9779
9781
9781
9786
9790
9791
9792
9793
9794
9795
9795
9796
9796
9799
9800
9800
9800
9801
9801
9802
9804
9804
9807
9810
9810
9812
9813
9814
9816
9816
9816
9816
9817
9818
9818
9818
9822
9822
9823
9823
9823
9825
9828
9828
9829
9829
9830
9830
9830
9831
9831
9831
9831
9832
9833
9833
9833
9834
9834
9835
9835
9836
9836
9838
9839
9842
9842
9843
9844
9847
9847
9847
9848
9848
9849
9851
9851
9851
9853
9853
9853
9854
9856
9858
9860
9862
9864
9865
9866
9867
9870
9871
9874
9874
9874
9875
9877
9878
9878
9879
9881
9881
9881
9882
9883
9886
9888
9889
9891
9895
9895
9895
9896
9897
9897
9898
9898
9898
9902
9906
9907
9908
9909
9909
9909
9911
9915
9915
9916
9917
9917
9917
9917
9918
9919
9919
9919
9922
9922
9922
9924
9925
9926
9926
9926
9927
9927
9928
9930
9930
9934
9934
9935
9937
9938
9940
9940
9941
9941
9942
9943
9943
9944
9946
9946
9946
9947
9947
9948
9948
9948
9951
9952
9953
9954
9956
9957
9958
9958
9959
9960
9961
9961
9962
9962
9963
9963
9964
9967
9967
9968
9968
9968
9968
9970
9971
9971
9972
9974
9974
9974
9975
9976
9976
9979
9982
9982
9983
9984
9985
9991
9992
9994
9994
9996
9997
9998
9999